<?xml version="1.0" encoding="utf-8" standalone="no"?>
<customField name="Big Guy">
    <vertices>
-1558.23 96.21 1785.59|
-1555.23 96.18 1785.61|
-1552.23 96.15 1785.64|
-1549.23 96.12 1785.66|
-1546.23 96.10 1785.69|
-1543.23 96.07 1785.71|
-1540.23 96.04 1785.73|
-1537.23 96.02 1785.76|
-1534.23 96.00 1785.78|
-1531.23 95.97 1785.81|
-1528.23 95.95 1785.83|
-1525.23 95.93 1785.85|
-1522.23 95.90 1785.88|
-1519.23 95.88 1785.90|
-1516.23 95.86 1785.93|
-1513.23 95.84 1785.95|
-1510.23 95.81 1785.98|
-1507.23 95.79 1786.00|
-1504.23 95.77 1786.02|
-1501.23 95.75 1786.05|
-1498.23 95.73 1786.07|
-1495.23 95.71 1786.10|
-1492.24 95.69 1786.12|
-1489.24 95.67 1786.14|
-1486.24 95.65 1786.17|
-1483.24 95.64 1786.19|
-1480.24 95.64 1786.22|
-1477.24 95.64 1786.24|
-1474.24 95.66 1786.26|
-1471.24 95.69 1786.29|
-1468.24 95.73 1786.31|
-1465.24 95.78 1786.34|
-1462.24 95.84 1786.36|
-1459.24 95.91 1786.39|
-1456.24 95.99 1786.41|
-1453.24 96.08 1786.43|
-1450.24 96.17 1786.46|
-1447.24 96.26 1786.48|
-1444.24 96.36 1786.51|
-1441.24 96.45 1786.53|
-1438.24 96.55 1786.55|
-1435.24 96.65 1786.58|
-1432.24 96.75 1786.60|
-1429.24 96.86 1786.63|
-1426.24 96.96 1786.65|
-1423.24 97.07 1786.67|
-1420.24 97.17 1786.70|
-1417.24 97.28 1786.72|
-1414.24 97.39 1786.75|
-1411.24 97.50 1786.77|
-1408.24 97.61 1786.80|
-1405.24 97.73 1786.82|
-1402.24 97.84 1786.84|
-1399.24 97.96 1786.87|
-1395.99 98.06 1787.99|
-1392.99 98.18 1788.01|
-1389.99 98.30 1788.04|
-1386.99 98.42 1788.06|
-1383.99 98.54 1788.08|
-1380.99 98.66 1788.11|
-1377.99 98.79 1788.13|
-1374.99 98.92 1788.16|
-1371.99 99.05 1788.18|
-1368.99 99.18 1788.20|
-1365.99 99.32 1788.23|
-1362.99 99.46 1788.25|
-1359.99 99.61 1788.28|
-1356.99 99.75 1788.30|
-1353.99 99.90 1788.32|
-1350.99 100.05 1788.35|
-1347.99 100.20 1788.37|
-1344.99 100.36 1788.40|
-1341.99 100.51 1788.42|
-1338.99 100.66 1788.45|
-1335.99 100.81 1788.47|
-1332.99 100.96 1788.49|
-1329.99 101.11 1788.52|
-1326.99 101.26 1788.54|
-1323.99 101.41 1788.57|
-1320.99 101.56 1788.59|
-1317.99 101.71 1788.61|
-1314.99 101.86 1788.64|
-1311.99 102.02 1788.66|
-1309.00 102.16 1788.69|
-1306.00 102.31 1788.71|
-1303.00 102.46 1788.73|
-1300.00 102.60 1788.76|
-1297.00 102.75 1788.78|
-1294.00 102.89 1788.81|
-1291.00 103.03 1788.83|
-1288.00 103.18 1788.86|
-1285.00 103.31 1788.88|
-1282.00 103.45 1788.90|
-1279.00 103.59 1788.93|
-1276.00 103.72 1788.95|
-1273.00 103.85 1788.98|
-1270.24 104.01 1787.90|
-1267.24 104.14 1787.93|
-1264.24 104.27 1787.95|
-1261.24 104.40 1787.98|
-1258.24 104.54 1788.00|
-1255.24 104.67 1788.03|
-1252.24 104.80 1788.05|
-1249.24 104.92 1788.07|
-1246.24 105.05 1788.10|
-1243.24 105.19 1788.12|
-1240.24 105.31 1788.15|
-1237.24 105.45 1788.17|
-1234.24 105.59 1788.19|
-1231.24 105.70 1788.22|
-1228.24 105.85 1788.24|
-1225.24 105.99 1788.27|
-1222.24 106.12 1788.29|
-1219.24 106.23 1788.31|
-1216.24 106.39 1788.34|
-1213.24 106.52 1788.36|
-1210.24 106.65 1788.39|
-1207.24 106.79 1788.41|
-1204.24 106.90 1788.44|
-1201.24 107.01 1788.46|
-1198.24 107.13 1788.48|
-1195.24 107.25 1788.51|
-1192.24 107.36 1788.53|
-1189.24 107.44 1788.56|
-1186.24 107.55 1788.58|
-1183.25 107.67 1788.60|
-1180.25 107.73 1788.63|
-1177.25 107.86 1788.65|
-1174.25 107.89 1788.68|
-1171.25 108.01 1788.70|
-1168.25 108.10 1788.72|
-1165.25 108.13 1788.75|
-1162.25 108.20 1788.77|
-1159.25 108.27 1788.80|
-1156.25 108.33 1788.82|
-1153.25 108.38 1788.85|
-1150.25 108.45 1788.87|
-1147.25 108.50 1788.89|
-1144.25 108.61 1788.92|
-1141.25 108.70 1788.94|
-1138.25 108.77 1788.97|
-1135.25 108.80 1788.99|
-1132.25 108.84 1789.01|
-1129.25 108.86 1789.04|
-1126.25 108.89 1789.06|
-1123.25 108.91 1789.09|
-1120.25 108.92 1789.11|
-1117.25 108.94 1789.13|
-1114.25 108.95 1789.16|
-1111.25 108.95 1789.18|
-1108.25 108.96 1789.21|
-1105.25 108.96 1789.23|
-1102.25 108.95 1789.26|
-1099.25 108.95 1789.28|
-1096.25 108.94 1789.30|
-1093.25 108.92 1789.33|
-1090.25 108.91 1789.35|
-1087.25 108.89 1789.38|
-1084.25 108.87 1789.40|
-1081.25 108.84 1789.42|
-1078.25 108.81 1789.45|
-1075.25 108.78 1789.47|
-1072.25 108.74 1789.50|
-1069.25 108.70 1789.52|
-1066.25 108.66 1789.54|
-1063.25 108.61 1789.57|
-1060.25 108.57 1789.59|
-1057.25 108.52 1789.62|
-1054.25 108.47 1789.64|
-1051.25 108.41 1789.67|
-1048.25 108.35 1789.69|
-1045.25 108.29 1789.71|
-1042.25 108.23 1789.74|
-1039.25 108.16 1789.76|
-1036.25 108.10 1789.79|
-1033.25 108.02 1789.81|
-1030.25 107.95 1789.83|
-1027.25 107.87 1789.86|
-1024.25 107.79 1789.88|
-1021.25 107.71 1789.91|
-1018.25 107.62 1789.93|
-1015.25 107.54 1789.95|
-1012.25 107.45 1789.98|
-1009.25 107.37 1790.00|
-1006.25 107.28 1790.03|
-1003.25 107.20 1790.05|
-1000.25 107.11 1790.08|
-999.08 107.08 1789.89|
-997.92 107.06 1789.68|
-996.78 107.04 1789.46|
-995.65 107.01 1789.20|
-994.54 106.99 1788.93|
-993.44 106.97 1788.64|
-992.36 106.95 1788.32|
-991.29 106.93 1787.98|
-990.24 106.92 1787.62|
-989.20 106.90 1787.24|
-988.17 106.89 1786.83|
-987.16 106.87 1786.41|
-986.17 106.86 1785.96|
-985.19 106.85 1785.49|
-984.22 106.84 1785.00|
-983.27 106.84 1784.48|
-982.34 106.83 1783.94|
-981.42 106.82 1783.39|
-980.51 106.82 1782.81|
-979.62 106.82 1782.20|
-978.75 106.82 1781.58|
-977.89 106.82 1780.93|
-977.04 106.82 1780.26|
-976.21 106.82 1779.57|
-975.39 106.83 1778.86|
-974.59 106.84 1778.12|
-973.80 106.84 1777.37|
-973.03 106.85 1776.59|
-972.27 106.86 1775.79|
-971.53 106.88 1774.97|
-970.80 106.89 1774.12|
-970.09 106.90 1773.25|
-969.39 106.92 1772.37|
-968.71 106.94 1771.45|
-968.04 106.95 1770.52|
-967.38 106.97 1769.57|
-966.74 106.99 1768.59|
-966.12 107.02 1767.59|
-965.51 107.04 1766.57|
-964.91 107.06 1765.53|
-964.33 107.09 1764.46|
-963.77 107.12 1763.38|
-963.22 107.14 1762.27|
-962.68 107.17 1761.14|
-962.16 107.20 1759.98|
-961.66 107.24 1758.81|
-961.17 107.27 1757.61|
-960.69 107.31 1756.39|
-960.23 107.35 1755.15|
-959.78 107.38 1753.89|
-959.35 107.42 1752.61|
-958.93 107.47 1751.30|
-958.53 107.51 1749.97|
-958.14 107.55 1748.62|
-957.77 107.60 1747.25|
-957.41 107.64 1745.85|
-957.07 107.69 1744.44|
-956.70 107.74 1743.03|
-956.34 107.78 1741.63|
-955.97 107.82 1740.23|
-955.61 107.87 1738.83|
-955.24 107.91 1737.44|
-954.88 107.95 1736.05|
-954.52 107.99 1734.66|
-954.16 108.03 1733.28|
-953.80 108.07 1731.90|
-953.44 108.11 1730.52|
-953.08 108.15 1729.15|
-952.72 108.18 1727.78|
-952.36 108.22 1726.42|
-952.00 108.26 1725.06|
-951.64 108.29 1723.70|
-951.29 108.33 1722.35|
-950.93 108.36 1721.00|
-950.57 108.39 1719.65|
-950.22 108.42 1718.30|
-949.86 108.46 1716.96|
-949.51 108.49 1715.63|
-949.16 108.51 1714.29|
-948.81 108.54 1712.96|
-948.45 108.57 1711.64|
-948.10 108.60 1710.32|
-947.75 108.63 1709.00|
-947.40 108.66 1707.68|
-947.05 108.68 1706.37|
-946.70 108.71 1705.06|
-946.35 108.73 1703.76|
-946.01 108.76 1702.45|
-945.66 108.78 1701.16|
-945.31 108.80 1699.86|
-944.97 108.82 1698.57|
-944.62 108.85 1697.28|
-944.28 108.87 1696.00|
-943.93 108.89 1694.72|
-943.59 108.91 1693.44|
-943.25 108.93 1692.17|
-942.91 108.94 1690.90|
-942.56 108.96 1689.63|
-942.22 108.98 1688.37|
-941.88 109.00 1687.11|
-941.54 109.02 1685.86|
-941.20 109.04 1684.60|
-940.86 109.05 1683.36|
-940.53 109.07 1682.11|
-940.19 109.08 1680.87|
-939.85 109.10 1679.63|
-939.52 109.11 1678.40|
-939.18 109.12 1677.16|
-938.85 109.14 1675.94|
-938.51 109.15 1674.71|
-938.18 109.17 1673.49|
-937.84 109.18 1672.28|
-937.51 109.20 1671.06|
-937.18 109.21 1669.85|
-936.85 109.22 1668.65|
-936.52 109.23 1667.44|
-936.19 109.24 1666.24|
-935.86 109.25 1665.05|
-935.53 109.26 1663.85|
-935.20 109.28 1662.67|
-934.87 109.29 1661.48|
-934.55 109.30 1660.30|
-934.22 109.31 1659.12|
-933.89 109.32 1657.95|
-933.57 109.33 1656.77|
-933.32 109.34 1655.87|
-933.24 109.34 1655.48|
-933.07 109.38 1652.94|
-932.89 109.41 1650.45|
-932.72 109.45 1648.02|
-932.56 109.48 1645.63|
-932.39 109.51 1643.30|
-932.22 109.53 1641.01|
-932.06 109.56 1638.78|
-931.90 109.58 1636.60|
-931.74 109.60 1634.47|
-931.58 109.62 1632.39|
-931.43 109.64 1630.36|
-931.27 109.65 1628.38|
-931.12 109.67 1626.46|
-930.97 109.68 1624.58|
-930.82 109.70 1622.76|
-930.67 109.71 1620.98|
-930.53 109.72 1619.26|
-930.38 109.73 1617.59|
-930.24 109.74 1615.97|
-930.10 109.75 1614.40|
-929.96 109.76 1612.88|
-929.83 109.77 1611.41|
-929.69 109.77 1609.99|
-929.56 109.78 1608.63|
-929.43 109.79 1607.31|
-929.30 109.79 1606.05|
-929.17 109.80 1604.84|
-929.05 109.80 1603.68|
-928.92 109.81 1602.56|
-928.80 109.81 1601.50|
-928.68 109.81 1600.50|
-928.56 109.82 1599.54|
-928.44 109.82 1598.63|
-928.33 109.82 1597.77|
-928.21 109.83 1596.97|
-928.10 109.83 1596.22|
-927.99 109.83 1595.51|
-927.88 109.83 1594.86|
-927.78 109.83 1594.26|
-927.67 109.83 1593.71|
-927.57 109.83 1593.21|
-927.19 109.82 1592.20|
-926.82 109.81 1591.19|
-926.43 109.81 1590.17|
-926.05 109.80 1589.14|
-925.66 109.80 1588.11|
-925.27 109.79 1587.06|
-924.87 109.79 1586.01|
-924.48 109.78 1584.96|
-924.08 109.77 1583.89|
-923.67 109.77 1582.82|
-923.26 109.77 1581.75|
-922.85 109.76 1580.66|
-922.44 109.75 1579.57|
-922.02 109.74 1578.47|
-921.60 109.74 1577.36|
-921.17 109.73 1576.25|
-920.74 109.72 1575.13|
-920.31 109.72 1574.00|
-919.88 109.71 1572.87|
-919.44 109.70 1571.73|
-919.00 109.69 1570.58|
-918.55 109.68 1569.42|
-918.10 109.67 1568.26|
-917.65 109.66 1567.09|
-917.20 109.65 1565.91|
-916.74 109.65 1564.73|
-916.28 109.63 1563.54|
-915.81 109.62 1562.34|
-915.34 109.61 1561.14|
-914.87 109.60 1559.92|
-914.40 109.59 1558.70|
-913.92 109.57 1557.48|
-913.44 109.56 1556.24|
-912.95 109.54 1555.00|
-912.46 109.53 1553.75|
-911.97 109.51 1552.50|
-911.48 109.49 1551.24|
-910.98 109.48 1549.97|
-910.48 109.46 1548.69|
-909.97 109.44 1547.41|
-909.46 109.42 1546.12|
-908.95 109.40 1544.82|
-908.44 109.38 1543.52|
-907.92 109.35 1542.21|
-907.40 109.33 1540.89|
-906.87 109.30 1539.56|
-906.34 109.27 1538.23|
-905.81 109.24 1536.89|
-905.28 109.21 1535.54|
-904.74 109.18 1534.19|
-904.20 109.15 1532.83|
-903.65 109.11 1531.46|
-903.10 109.07 1530.08|
-902.55 109.03 1528.70|
-902.00 108.98 1527.31|
-901.44 108.94 1525.91|
-900.87 108.89 1524.51|
-900.31 108.85 1523.10|
-899.74 108.80 1521.68|
-899.17 108.75 1520.26|
-898.59 108.70 1518.82|
-898.02 108.65 1517.39|
-897.43 108.60 1515.94|
-896.85 108.54 1514.49|
-896.26 108.49 1513.03|
-895.67 108.42 1511.56|
-895.07 108.35 1510.08|
-894.69 108.31 1509.38|
-894.30 108.27 1508.66|
-893.92 108.23 1507.93|
-893.54 108.19 1507.18|
-893.17 108.15 1506.43|
-892.79 108.11 1505.66|
-892.42 108.06 1504.87|
-892.05 108.02 1504.08|
-891.69 107.97 1503.27|
-891.33 107.93 1502.45|
-890.97 107.89 1501.62|
-890.61 107.84 1500.77|
-890.26 107.80 1499.91|
-889.91 107.75 1499.04|
-889.56 107.70 1498.16|
-889.21 107.66 1497.26|
-888.87 107.61 1496.35|
-888.53 107.56 1495.43|
-888.19 107.51 1494.50|
-887.86 107.45 1493.55|
-887.52 107.40 1492.59|
-887.19 107.35 1491.62|
-886.87 107.30 1490.63|
-886.54 107.25 1489.63|
-886.22 107.19 1488.62|
-885.90 107.13 1487.60|
-885.59 107.08 1486.56|
-885.28 107.02 1485.51|
-884.97 106.96 1484.45|
-884.66 106.90 1483.37|
-884.35 106.84 1482.29|
-884.05 106.77 1481.19|
-883.75 106.71 1480.07|
-883.46 106.64 1478.95|
-883.16 106.57 1477.81|
-882.87 106.50 1476.66|
-882.58 106.42 1475.50|
-882.30 106.35 1474.32|
-882.01 106.27 1473.13|
-881.73 106.20 1471.93|
-881.46 106.12 1470.71|
-881.18 106.04 1469.49|
-880.91 105.96 1468.25|
-880.64 105.88 1466.99|
-880.37 105.80 1465.73|
-880.11 105.71 1464.45|
-879.85 105.63 1463.16|
-879.59 105.54 1461.86|
-879.33 105.45 1460.54|
-879.08 105.36 1459.21|
-878.83 105.27 1457.87|
-878.58 105.18 1456.52|
-878.34 105.09 1455.15|
-878.10 104.99 1453.77|
-877.86 104.90 1452.38|
-877.62 104.80 1450.97|
-877.39 104.70 1449.55|
-877.16 104.60 1448.12|
-876.93 104.50 1446.68|
-876.70 104.39 1445.22|
-876.48 104.29 1443.75|
-876.26 104.18 1442.27|
-876.04 104.08 1440.78|
-875.83 103.97 1439.27|
-875.62 103.86 1437.75|
-875.41 103.75 1436.22|
-875.20 103.63 1434.68|
-875.00 103.52 1433.12|
-874.80 103.40 1431.55|
-874.60 103.28 1429.96|
-874.40 103.16 1428.37|
-874.35 103.06 1426.89|
-874.30 102.96 1425.43|
-874.25 102.86 1423.96|
-874.21 102.75 1422.50|
-874.16 102.65 1421.05|
-874.12 102.55 1419.60|
-874.08 102.45 1418.16|
-874.04 102.34 1416.72|
-874.00 102.24 1415.29|
-873.97 102.14 1413.86|
-873.94 102.04 1412.43|
-873.91 101.94 1411.01|
-873.88 101.84 1409.60|
-873.85 101.74 1408.19|
-873.83 101.64 1406.79|
-873.81 101.55 1405.39|
-873.79 101.45 1404.00|
-873.77 101.35 1402.61|
-873.75 101.25 1401.22|
-873.74 101.16 1399.84|
-873.73 101.06 1398.47|
-873.72 100.97 1397.10|
-873.71 100.87 1395.74|
-873.70 100.78 1394.38|
-873.70 100.68 1393.02|
-873.70 100.59 1391.67|
-873.70 100.50 1390.33|
-873.70 100.40 1388.99|
-873.70 100.31 1387.66|
-873.71 100.22 1386.33|
-873.72 100.13 1385.00|
-873.73 100.04 1383.68|
-873.74 99.94 1382.37|
-873.76 99.85 1381.06|
-873.77 99.76 1379.75|
-873.79 99.68 1378.46|
-873.81 99.59 1377.16|
-873.83 99.50 1375.87|
-873.86 99.41 1374.59|
-873.88 99.32 1373.31|
-873.91 99.24 1372.03|
-873.94 99.15 1370.76|
-873.98 99.07 1369.50|
-874.01 98.98 1368.24|
-874.05 98.90 1366.98|
-874.08 98.81 1365.73|
-874.13 98.73 1364.49|
-874.17 98.65 1363.25|
-874.21 98.57 1362.01|
-874.26 98.49 1360.78|
-874.31 98.41 1359.56|
-874.36 98.34 1358.34|
-874.41 98.26 1357.12|
-874.47 98.18 1355.91|
-874.52 98.11 1354.71|
-874.58 98.04 1353.51|
-874.64 97.97 1352.31|
-874.70 97.90 1351.22|
-874.55 97.81 1349.94|
-874.41 97.72 1348.67|
-874.30 97.63 1347.39|
-874.21 97.54 1346.11|
-874.14 97.46 1344.83|
-874.08 97.38 1343.54|
-874.05 97.30 1342.26|
-874.04 97.22 1340.97|
-874.05 97.14 1339.68|
-874.08 97.07 1338.39|
-874.13 97.00 1337.09|
-874.20 96.93 1335.80|
-874.29 96.86 1334.50|
-874.40 96.79 1333.20|
-874.53 96.72 1331.90|
-874.68 96.65 1330.60|
-874.85 96.59 1329.29|
-875.04 96.53 1327.99|
-875.25 96.47 1326.68|
-875.48 96.41 1325.37|
-875.74 96.35 1324.05|
-876.01 96.29 1322.74|
-876.30 96.24 1321.42|
-876.61 96.19 1320.11|
-876.95 96.14 1318.79|
-877.30 96.08 1317.46|
-877.67 96.04 1316.14|
-877.86 96.03 1315.88|
-878.05 96.03 1315.61|
-878.23 96.02 1315.31|
-878.41 96.02 1315.00|
-878.59 96.01 1314.68|
-878.77 96.00 1314.33|
-878.95 96.00 1313.97|
-879.12 95.99 1313.59|
-879.29 95.97 1313.19|
-879.46 95.96 1312.78|
-879.62 95.95 1312.35|
-879.79 95.94 1311.90|
-879.95 95.92 1311.43|
-880.11 95.90 1310.95|
-880.26 95.89 1310.45|
-880.42 95.87 1309.93|
-880.57 95.85 1309.39|
-880.72 95.83 1308.84|
-880.87 95.80 1308.26|
-881.01 95.78 1307.68|
-881.16 95.76 1307.07|
-881.30 95.73 1306.45|
-881.43 95.70 1305.81|
-881.57 95.68 1305.15|
-881.71 95.65 1304.47|
-881.84 95.63 1303.78|
-881.97 95.60 1303.07|
-882.09 95.56 1302.34|
-882.22 95.53 1301.59|
-882.34 95.50 1300.83|
-882.46 95.47 1300.05|
-882.58 95.43 1299.25|
-882.70 95.40 1298.44|
-882.81 95.36 1297.61|
-882.92 95.32 1296.76|
-883.03 95.28 1295.89|
-883.14 95.25 1295.00|
-883.24 95.21 1294.10|
-883.35 95.16 1293.18|
-883.45 95.12 1292.24|
-883.55 95.08 1291.29|
-883.64 95.04 1290.32|
-883.65 94.97 1289.03|
-883.67 94.91 1287.75|
-883.68 94.85 1286.46|
-883.69 94.78 1285.18|
-883.70 94.72 1283.89|
-883.71 94.66 1282.60|
-883.73 94.59 1281.31|
-883.74 94.53 1280.02|
-883.75 94.47 1278.73|
-883.76 94.41 1277.43|
-883.77 94.34 1276.14|
-883.78 94.28 1274.84|
-883.79 94.22 1273.55|
-883.80 94.15 1272.25|
-883.81 94.09 1270.95|
-883.83 94.03 1269.65|
-883.84 93.97 1268.35|
-883.85 93.90 1267.05|
-883.86 93.84 1265.75|
-883.87 93.78 1264.44|
-883.88 93.72 1263.14|
-883.89 93.66 1261.83|
-883.90 93.60 1260.52|
-883.91 93.54 1259.22|
-883.92 93.47 1257.91|
-883.93 93.41 1256.60|
-883.94 93.35 1255.28|
-883.95 93.29 1253.97|
-883.95 93.23 1252.66|
-883.96 93.17 1251.34|
-883.97 93.11 1250.03|
-883.98 93.05 1248.71|
-883.99 92.99 1247.39|
-884.00 92.93 1246.07|
-884.01 92.87 1244.75|
-884.02 92.81 1243.43|
-884.02 92.75 1242.11|
-884.03 92.69 1240.79|
-884.04 92.63 1239.46|
-884.05 92.57 1238.14|
-884.06 92.51 1236.81|
-884.06 92.45 1235.48|
-884.07 92.38 1234.15|
-884.08 92.32 1232.82|
-884.09 92.26 1231.49|
-884.09 92.20 1230.16|
-884.10 92.13 1228.83|
-884.11 92.07 1227.50|
-884.12 92.00 1226.16|
-884.12 91.94 1224.82|
-884.13 91.87 1223.49|
-884.14 91.80 1222.15|
-884.14 91.74 1220.81|
-884.15 91.67 1219.47|
-884.16 91.60 1218.13|
-884.16 91.52 1216.78|
-884.17 91.44 1215.44|
-884.17 91.36 1214.10|
-884.18 91.28 1212.75|
-884.19 91.20 1211.40|
-884.19 91.12 1210.05|
-884.20 91.04 1208.71|
-884.20 90.96 1207.36|
-884.21 90.87 1206.00|
-884.21 90.79 1204.65|
-884.22 90.70 1203.30|
-884.22 90.62 1201.94|
-884.23 90.53 1200.59|
-884.23 90.44 1199.23|
-884.24 90.35 1197.87|
-884.24 90.26 1196.52|
-884.25 90.17 1195.16|
-884.25 90.08 1193.80|
-884.26 89.99 1192.43|
-884.26 89.89 1191.07|
-884.26 89.80 1189.71|
-884.27 89.70 1188.34|
-884.27 89.61 1186.97|
-884.28 89.51 1185.61|
-884.28 89.41 1184.24|
-884.28 89.30 1182.87|
-884.29 89.20 1181.50|
-884.29 89.10 1180.13|
-884.29 89.00 1178.75|
-884.30 88.89 1177.38|
-884.30 88.78 1176.01|
-884.30 88.67 1174.63|
-884.30 88.57 1173.25|
-884.31 88.46 1171.87|
-884.31 88.34 1170.50|
-884.31 88.23 1169.12|
-884.31 88.11 1167.73|
-884.32 88.00 1166.35|
-884.32 87.92 1165.46|
-884.24 87.72 1163.15|
-884.16 87.52 1160.81|
-884.10 87.37 1159.12|
-884.36 87.29 1158.03|
-884.64 87.20 1156.96|
-884.95 87.11 1155.90|
-885.27 87.03 1154.86|
-885.62 86.94 1153.83|
-886.00 86.86 1152.82|
-886.39 86.78 1151.82|
-886.81 86.70 1150.84|
-887.25 86.62 1149.87|
-887.72 86.54 1148.92|
-888.20 86.47 1147.99|
-888.71 86.39 1147.07|
-889.24 86.32 1146.17|
-889.80 86.19 1145.28|
-890.38 86.17 1144.41|
-890.98 86.03 1143.55|
-891.60 85.97 1142.71|
-892.24 85.95 1141.88|
-892.91 85.78 1141.07|
-893.60 85.78 1140.28|
-894.32 85.69 1139.50|
-895.05 85.56 1138.73|
-895.81 85.61 1137.98|
-896.59 85.36 1137.25|
-897.40 85.34 1136.53|
-898.22 85.39 1135.83|
-899.07 85.08 1135.14|
-899.95 85.28 1134.47|
-900.84 85.21 1133.82|
-901.76 85.00 1133.18|
-902.70 84.80 1132.55|
-903.66 85.01 1131.94|
-904.65 84.86 1131.35|
-905.66 84.82 1130.77|
-906.69 84.84 1130.21|
-907.74 84.84 1129.66|
-908.82 84.67 1129.13|
-909.92 84.78 1128.62|
-911.04 84.75 1128.12|
-912.18 84.60 1127.63|
-913.35 84.45 1127.16|
-914.54 84.46 1126.71|
-915.75 84.39 1126.27|
-916.99 84.38 1125.85|
-918.25 84.30 1125.44|
-919.53 84.16 1125.05|
-920.83 83.98 1124.67|
-922.15 83.90 1124.31|
-923.50 83.90 1123.97|
-924.87 83.98 1123.64|
-926.27 83.91 1123.32|
-927.69 83.85 1123.02|
-929.12 83.74 1122.74|
-930.59 83.63 1122.47|
-932.07 83.59 1122.22|
-933.58 83.54 1121.98|
-934.92 83.54 1121.81|
-936.25 83.50 1121.62|
-937.57 83.45 1121.41|
-938.89 83.54 1121.19|
-940.19 83.49 1120.96|
-941.49 83.31 1120.71|
-942.78 83.06 1120.44|
-944.06 82.89 1120.16|
-945.33 83.03 1119.87|
-946.59 83.18 1119.56|
-947.85 83.13 1119.23|
-949.09 83.04 1118.89|
-950.33 82.74 1118.54|
-951.56 82.74 1118.17|
-952.78 82.87 1117.78|
-953.99 82.86 1117.38|
-955.19 82.72 1116.97|
-956.38 82.91 1116.54|
-957.57 82.83 1116.09|
-958.74 82.74 1115.63|
-959.91 82.68 1115.15|
-961.07 82.61 1114.66|
-962.22 82.53 1114.16|
-963.37 82.43 1113.64|
-964.50 82.38 1113.10|
-965.63 82.31 1112.55|
-966.74 82.24 1111.98|
-967.85 82.15 1111.40|
-968.95 82.10 1110.81|
-970.04 82.03 1110.20|
-971.12 81.83 1109.57|
-972.20 81.83 1108.93|
-973.26 81.79 1108.27|
-974.32 81.66 1107.60|
-975.37 81.54 1106.91|
-976.41 81.65 1106.21|
-977.44 81.45 1105.50|
-978.46 81.41 1104.76|
-979.47 81.43 1104.02|
-980.48 81.26 1103.26|
-981.48 81.27 1102.48|
-982.46 81.28 1101.69|
-983.44 81.18 1100.88|
-984.41 81.27 1100.06|
-985.38 81.10 1099.22|
-986.33 81.17 1098.37|
-987.28 81.05 1097.50|
-988.21 81.01 1096.62|
-988.88 81.03 1096.32|
-989.58 81.09 1096.00|
-990.29 81.08 1095.66|
-991.01 81.02 1095.28|
-991.76 81.08 1094.89|
-992.53 81.11 1094.47|
-993.31 81.11 1094.02|
-994.12 81.08 1093.55|
-994.94 81.04 1093.06|
-995.78 81.10 1092.54|
-996.64 81.12 1091.99|
-997.52 81.09 1091.42|
-998.41 81.14 1090.83|
-999.33 81.15 1090.21|
-1000.26 81.17 1089.57|
-1001.22 81.19 1088.90|
-1002.19 81.22 1088.21|
-1003.18 81.25 1087.49|
-1004.19 81.28 1086.74|
-1005.22 81.32 1085.98|
-1006.27 81.37 1085.18|
-1007.33 81.41 1084.37|
-1008.42 81.47 1083.53|
-1009.52 81.53 1082.66|
-1010.64 81.59 1081.77|
-1011.78 81.67 1080.85|
-1012.94 81.75 1079.91|
-1014.12 81.83 1078.95|
-1015.32 81.93 1077.96|
-1016.53 82.03 1076.94|
-1017.77 82.13 1075.90|
-1019.02 82.25 1074.84|
-1020.29 82.37 1073.75|
-1021.59 82.50 1072.63|
-1022.90 82.64 1071.49|
-1024.22 82.78 1070.33|
-1025.57 82.93 1069.14|
-1026.94 83.08 1067.93|
-1028.32 83.24 1066.69|
-1029.72 83.39 1065.43|
-1031.15 83.55 1064.14|
-1031.70 83.62 1063.64|
-1031.92 83.65 1063.37|
-1032.17 83.68 1063.08|
-1032.46 83.72 1062.79|
-1032.77 83.75 1062.48|
-1033.11 83.79 1062.15|
-1033.48 83.83 1061.82|
-1033.88 83.87 1061.47|
-1034.31 83.92 1061.10|
-1034.78 83.96 1060.73|
-1035.27 84.01 1060.34|
-1035.79 84.05 1059.94|
-1036.34 84.11 1059.53|
-1036.92 84.16 1059.10|
-1037.53 84.21 1058.66|
-1038.17 84.26 1058.21|
-1038.84 84.31 1057.74|
-1039.54 84.37 1057.26|
-1040.27 84.42 1056.77|
-1041.03 84.47 1056.27|
-1041.82 84.53 1055.75|
-1042.65 84.58 1055.22|
-1043.50 84.64 1054.67|
-1044.38 84.70 1054.12|
-1045.29 84.75 1053.55|
-1046.23 84.80 1052.96|
-1047.20 84.86 1052.37|
-1048.20 84.90 1051.76|
-1049.22 84.92 1051.14|
-1050.28 85.02 1050.50|
-1051.37 85.04 1049.86|
-1052.49 85.10 1049.20|
-1053.64 85.16 1048.52|
-1054.82 85.20 1047.84|
-1056.03 85.26 1047.14|
-1057.27 85.30 1046.43|
-1058.54 85.32 1045.70|
-1059.84 85.37 1044.96|
-1061.17 85.42 1044.21|
-1062.52 85.45 1043.45|
-1063.91 85.49 1042.67|
-1065.33 85.47 1041.88|
-1066.78 85.52 1041.08|
-1068.26 85.59 1040.26|
-1069.77 85.60 1039.43|
-1071.31 85.64 1038.59|
-1072.87 85.65 1037.73|
-1074.47 85.68 1036.87|
-1076.10 85.70 1035.99|
-1077.76 85.65 1035.09|
-1079.44 85.72 1034.19|
-1081.16 85.46 1033.27|
-1082.91 85.65 1032.33|
-1084.69 85.60 1031.39|
-1086.49 85.57 1030.43|
-1088.33 85.72 1029.46|
-1090.20 85.66 1028.47|
-1092.10 85.75 1027.48|
-1094.02 85.82 1026.46|
-1095.98 85.83 1025.44|
-1097.97 85.84 1024.40|
-1099.98 85.84 1023.36|
-1102.03 85.85 1022.29|
-1102.55 85.85 1022.02|
-1103.77 85.86 1020.73|
-1104.96 85.87 1019.46|
-1106.13 85.88 1018.22|
-1107.27 85.88 1017.01|
-1108.40 85.89 1015.82|
-1109.50 85.89 1014.66|
-1110.58 85.90 1013.52|
-1111.64 85.90 1012.41|
-1112.67 85.91 1011.33|
-1113.68 85.91 1010.27|
-1114.67 85.91 1009.24|
-1115.64 85.91 1008.24|
-1116.58 85.92 1007.26|
-1117.51 85.92 1006.31|
-1118.40 85.92 1005.39|
-1119.28 85.92 1004.49|
-1120.14 85.92 1003.62|
-1120.97 85.92 1002.77|
-1121.78 85.92 1001.95|
-1122.57 85.92 1001.16|
-1123.33 85.92 1000.39|
-1124.08 85.92 999.65|
-1124.80 85.92 998.94|
-1125.49 85.92 998.25|
-1126.17 85.92 997.59|
-1126.82 85.92 996.96|
-1127.89 85.93 996.12|
-1128.97 85.93 995.31|
-1130.04 85.92 994.55|
-1131.12 85.92 993.82|
-1132.20 85.93 993.13|
-1133.28 85.92 992.48|
-1134.37 85.92 991.87|
-1135.45 85.92 991.30|
-1136.54 85.92 990.76|
-1137.63 85.92 990.26|
-1138.73 85.92 989.80|
-1139.82 85.91 989.38|
-1140.92 85.91 989.00|
-1142.02 85.91 988.65|
-1143.12 85.91 988.35|
-1144.23 85.91 988.08|
-1145.33 85.90 987.85|
-1146.44 85.90 987.66|
-1147.55 85.89 987.50|
-1148.67 85.89 987.39|
-1149.78 85.88 987.31|
-1150.90 85.88 987.27|
-1152.02 85.88 987.27|
-1153.14 85.87 987.31|
-1154.27 85.86 987.39|
-1155.40 85.86 987.50|
-1156.52 85.85 987.65|
-1157.66 85.84 987.84|
-1158.79 85.83 988.07|
-1159.92 85.82 988.34|
-1161.06 85.81 988.64|
-1162.20 85.80 988.99|
-1163.34 85.79 989.37|
-1164.49 85.78 989.79|
-1165.64 85.76 990.24|
-1166.78 85.75 990.74|
-1167.94 85.73 991.28|
-1168.86 85.71 991.73|
-1170.37 85.69 992.33|
-1171.86 85.66 992.92|
-1173.35 85.63 993.50|
-1174.82 85.60 994.08|
-1176.28 85.57 994.65|
-1177.73 85.54 995.21|
-1179.16 85.50 995.76|
-1180.59 85.46 996.31|
-1182.00 85.41 996.84|
-1183.40 85.36 997.37|
-1184.79 85.31 997.89|
-1186.16 85.25 998.41|
-1187.53 85.19 998.92|
-1188.88 85.13 999.42|
-1190.22 85.06 999.91|
-1191.55 84.99 1000.39|
-1192.87 84.92 1000.87|
-1194.18 84.84 1001.34|
-1195.47 84.77 1001.80|
-1196.75 84.69 1002.25|
-1198.02 84.61 1002.70|
-1199.28 84.53 1003.14|
-1200.53 84.44 1003.57|
-1201.76 84.35 1003.99|
-1202.98 84.27 1004.41|
-1204.20 84.18 1004.82|
-1205.39 84.08 1005.22|
-1206.58 83.99 1005.61|
-1207.76 83.90 1005.99|
-1208.92 83.80 1006.37|
-1210.07 83.71 1006.74|
-1211.21 83.61 1007.11|
-1212.34 83.51 1007.46|
-1213.46 83.41 1007.81|
-1214.56 83.31 1008.15|
-1215.65 83.22 1008.48|
-1216.74 83.12 1008.80|
-1217.80 83.03 1009.12|
-1218.86 82.93 1009.43|
-1219.91 82.84 1009.73|
-1220.94 82.74 1010.03|
-1221.96 82.65 1010.31|
-1222.97 82.57 1010.59|
-1224.37 82.45 1010.83|
-1225.78 82.34 1011.06|
-1227.17 82.23 1011.29|
-1228.57 82.13 1011.52|
-1229.97 82.02 1011.75|
-1231.37 81.92 1011.98|
-1232.76 81.82 1012.21|
-1234.15 81.73 1012.44|
-1235.54 81.64 1012.66|
-1236.93 81.56 1012.89|
-1238.32 81.48 1013.12|
-1239.71 81.41 1013.34|
-1241.10 81.34 1013.57|
-1242.48 81.28 1013.79|
-1243.86 81.22 1014.01|
-1245.25 81.17 1014.23|
-1246.63 81.13 1014.46|
-1248.01 81.09 1014.68|
-1249.38 81.05 1014.90|
-1250.76 81.02 1015.12|
-1252.13 81.00 1015.34|
-1253.51 80.98 1015.55|
-1254.88 80.97 1015.77|
-1256.25 80.96 1015.99|
-1257.62 80.96 1016.20|
-1258.99 80.96 1016.42|
-1260.36 80.97 1016.63|
-1261.72 80.98 1016.85|
-1263.09 81.00 1017.06|
-1264.45 81.02 1017.27|
-1265.81 81.04 1017.49|
-1267.17 81.07 1017.70|
-1268.53 81.10 1017.91|
-1269.89 81.14 1018.12|
-1271.24 81.18 1018.33|
-1272.60 81.23 1018.53|
-1273.95 81.28 1018.74|
-1275.30 81.33 1018.95|
-1276.65 81.39 1019.15|
-1278.00 81.45 1019.36|
-1279.35 81.51 1019.56|
-1280.70 81.58 1019.77|
-1282.04 81.65 1019.97|
-1283.39 81.73 1020.17|
-1284.73 81.81 1020.38|
-1286.07 81.90 1020.58|
-1287.41 81.98 1020.78|
-1288.75 82.08 1020.98|
-1290.09 82.17 1021.18|
-1291.42 82.27 1021.38|
-1292.76 82.37 1021.57|
-1294.09 82.48 1021.77|
-1295.42 82.59 1021.97|
-1296.75 82.70 1022.16|
-1298.08 82.82 1022.36|
-1299.41 82.94 1022.55|
-1300.73 83.07 1022.75|
-1302.06 83.19 1022.94|
-1303.38 83.32 1023.13|
-1304.70 83.46 1023.32|
-1306.02 83.59 1023.51|
-1307.34 83.74 1023.70|
-1308.66 83.88 1023.89|
-1309.98 84.03 1024.08|
-1311.29 84.18 1024.27|
-1312.61 84.33 1024.46|
-1313.92 84.49 1024.64|
-1315.23 84.65 1024.83|
-1316.54 84.81 1025.01|
-1317.85 84.98 1025.20|
-1319.16 85.15 1025.38|
-1320.46 85.32 1025.56|
-1321.77 85.49 1025.75|
-1323.07 85.67 1025.93|
-1324.37 85.84 1026.11|
-1325.67 86.03 1026.29|
-1326.97 86.21 1026.47|
-1328.27 86.40 1026.65|
-1329.57 86.59 1026.83|
-1330.86 86.78 1027.00|
-1332.15 86.97 1027.18|
-1333.45 87.17 1027.35|
-1334.74 87.37 1027.53|
-1336.03 87.57 1027.70|
-1337.31 87.77 1027.88|
-1338.60 87.97 1028.05|
-1339.89 88.16 1028.22|
-1341.17 88.36 1028.40|
-1342.45 88.56 1028.57|
-1343.73 88.75 1028.74|
-1345.01 88.94 1028.91|
-1346.29 89.13 1029.08|
-1347.57 89.31 1029.24|
-1348.85 89.50 1029.41|
-1350.12 89.68 1029.58|
-1351.39 89.87 1029.74|
-1352.67 90.05 1029.91|
-1353.94 90.23 1030.07|
-1355.21 90.40 1030.24|
-1356.47 90.58 1030.40|
-1357.74 90.75 1030.56|
-1359.00 90.93 1030.73|
-1360.27 91.10 1030.89|
-1361.53 91.27 1031.05|
-1362.79 91.43 1031.21|
-1364.05 91.59 1031.37|
-1365.31 91.75 1031.53|
-1366.57 91.91 1031.68|
-1367.82 92.07 1031.84|
-1369.08 92.22 1032.00|
-1370.33 92.36 1032.15|
-1371.58 92.51 1032.31|
-1372.83 92.65 1032.46|
-1374.08 92.79 1032.61|
-1375.33 92.92 1032.77|
-1376.57 93.05 1032.92|
-1377.82 93.18 1033.07|
-1379.06 93.30 1033.22|
-1380.30 93.42 1033.37|
-1381.54 93.54 1033.52|
-1382.78 93.65 1033.67|
-1384.02 93.77 1033.82|
-1385.51 93.90 1033.92|
-1386.99 94.02 1034.02|
-1388.47 94.15 1034.12|
-1389.95 94.26 1034.23|
-1391.42 94.38 1034.33|
-1392.89 94.48 1034.44|
-1394.36 94.59 1034.54|
-1395.83 94.69 1034.65|
-1397.29 94.78 1034.76|
-1398.76 94.88 1034.87|
-1400.21 94.97 1034.98|
-1401.67 95.05 1035.09|
-1403.12 95.13 1035.20|
-1404.57 95.20 1035.31|
-1406.02 95.28 1035.43|
-1407.46 95.35 1035.54|
-1408.90 95.42 1035.66|
-1410.34 95.48 1035.77|
-1411.78 95.54 1035.89|
-1413.21 95.60 1036.01|
-1414.64 95.66 1036.12|
-1416.07 95.71 1036.24|
-1417.50 95.77 1036.36|
-1418.92 95.82 1036.49|
-1420.34 95.87 1036.61|
-1421.75 95.91 1036.73|
-1423.17 95.96 1036.85|
-1424.58 96.00 1036.98|
-1425.99 96.05 1037.10|
-1427.39 96.09 1037.23|
-1428.80 96.13 1037.36|
-1430.20 96.17 1037.49|
-1431.59 96.22 1037.61|
-1432.99 96.26 1037.74|
-1434.38 96.30 1037.88|
-1435.77 96.34 1038.01|
-1437.16 96.38 1038.14|
-1438.54 96.42 1038.27|
-1439.92 96.47 1038.41|
-1441.30 96.51 1038.54|
-1442.67 96.55 1038.68|
-1444.05 96.59 1038.81|
-1445.41 96.62 1038.95|
-1446.78 96.66 1039.09|
-1448.15 96.70 1039.23|
-1449.51 96.74 1039.37|
-1450.87 96.78 1039.51|
-1452.22 96.82 1039.65|
-1453.57 96.85 1039.80|
-1454.92 96.89 1039.94|
-1456.27 96.93 1040.09|
-1457.62 96.97 1040.23|
-1458.96 97.01 1040.38|
-1460.30 97.04 1040.52|
-1461.63 97.08 1040.67|
-1462.97 97.13 1040.82|
-1464.30 97.17 1040.97|
-1465.63 97.22 1041.12|
-1466.95 97.27 1041.27|
-1468.27 97.32 1041.43|
-1469.59 97.37 1041.58|
-1470.91 97.43 1041.73|
-1472.22 97.49 1041.89|
-1473.54 97.55 1042.04|
-1474.84 97.61 1042.20|
-1476.15 97.68 1042.36|
-1477.45 97.74 1042.52|
-1478.75 97.81 1042.68|
-1479.78 97.86 1042.99|
-1480.82 97.91 1043.30|
-1481.87 97.97 1043.60|
-1482.93 98.02 1043.90|
-1484.01 98.08 1044.19|
-1485.09 98.14 1044.48|
-1486.19 98.21 1044.76|
-1487.30 98.28 1045.04|
-1488.42 98.35 1045.31|
-1489.56 98.42 1045.57|
-1490.71 98.49 1045.84|
-1491.87 98.57 1046.09|
-1493.04 98.64 1046.34|
-1494.22 98.71 1046.59|
-1495.42 98.79 1046.83|
-1496.62 98.87 1047.07|
-1497.84 98.94 1047.30|
-1499.08 99.02 1047.53|
-1500.32 99.10 1047.75|
-1501.58 99.19 1047.96|
-1502.84 99.27 1048.17|
-1504.12 99.35 1048.38|
-1505.42 99.43 1048.58|
-1506.72 99.51 1048.77|
-1508.04 99.60 1048.97|
-1509.37 99.69 1049.15|
-1510.71 99.78 1049.33|
-1512.06 99.87 1049.51|
-1513.42 99.96 1049.68|
-1514.80 100.05 1049.84|
-1516.19 100.14 1050.00|
-1517.59 100.23 1050.16|
-1519.01 100.33 1050.31|
-1520.43 100.43 1050.45|
-1521.87 100.52 1050.59|
-1523.32 100.62 1050.72|
-1524.78 100.72 1050.85|
-1526.25 100.82 1050.98|
-1527.74 100.92 1051.10|
-1529.24 101.02 1051.21|
-1530.75 101.13 1051.32|
-1532.27 101.23 1051.42|
-1533.80 101.34 1051.52|
-1535.35 101.44 1051.62|
-1536.91 101.55 1051.71|
-1538.48 101.66 1051.79|
-1540.06 101.77 1051.87|
-1541.19 101.85 1051.92|
-1542.15 101.91 1051.99|
-1543.13 101.98 1052.07|
-1544.12 102.05 1052.15|
-1545.12 102.12 1052.24|
-1546.12 102.19 1052.33|
-1547.14 102.25 1052.42|
-1548.16 102.32 1052.52|
-1549.19 102.39 1052.62|
-1550.24 102.46 1052.72|
-1551.29 102.53 1052.83|
-1552.35 102.60 1052.94|
-1553.42 102.67 1053.06|
-1554.50 102.75 1053.18|
-1555.59 102.82 1053.30|
-1556.69 102.89 1053.43|
-1557.80 102.97 1053.56|
-1558.91 103.04 1053.70|
-1560.04 103.11 1053.83|
-1561.18 103.18 1053.98|
-1562.32 103.26 1054.12|
-1563.47 103.33 1054.27|
-1564.64 103.41 1054.43|
-1565.81 103.49 1054.59|
-1566.99 103.56 1054.75|
-1568.19 103.64 1054.91|
-1569.39 103.72 1055.08|
-1570.60 103.79 1055.26|
-1571.82 103.87 1055.44|
-1573.05 103.95 1055.62|
-1574.28 104.03 1055.80|
-1575.53 104.11 1055.99|
-1576.79 104.19 1056.18|
-1578.06 104.26 1056.38|
-1579.33 104.34 1056.58|
-1580.62 104.42 1056.79|
-1581.91 104.50 1056.99|
-1583.21 104.58 1057.21|
-1584.53 104.66 1057.42|
-1585.85 104.73 1057.64|
-1587.18 104.81 1057.87|
-1588.52 104.89 1058.09|
-1589.87 104.97 1058.32|
-1591.23 105.04 1058.56|
-1592.60 105.12 1058.80|
-1593.98 105.19 1059.04|
-1595.37 105.26 1059.29|
-1596.76 105.34 1059.54|
-1598.17 105.41 1059.79|
-1599.58 105.48 1060.05|
-1601.01 105.55 1060.31|
-1602.44 105.62 1060.58|
-1603.89 105.69 1060.85|
-1605.34 105.75 1061.12|
-1606.80 105.82 1061.40|
-1608.27 105.89 1061.68|
-1609.75 105.95 1061.97|
-1611.24 106.01 1062.26|
-1612.74 106.07 1062.55|
-1614.25 106.14 1062.85|
-1615.77 106.19 1063.15|
-1617.30 106.25 1063.45|
-1618.83 106.31 1063.76|
-1620.38 106.37 1064.07|
-1621.93 106.42 1064.39|
-1623.50 106.48 1064.71|
-1625.07 106.53 1065.03|
-1626.66 106.58 1065.36|
-1628.25 106.64 1065.69|
-1629.85 106.69 1066.03|
-1631.46 106.73 1066.36|
-1633.08 106.78 1066.71|
-1634.71 106.83 1067.05|
-1636.35 106.87 1067.40|
-1638.00 106.91 1067.76|
-1639.58 106.95 1068.10|
-1641.84 107.03 1068.21|
-1644.06 107.09 1068.32|
-1646.24 107.16 1068.42|
-1648.40 107.22 1068.52|
-1650.52 107.28 1068.61|
-1652.61 107.33 1068.69|
-1654.67 107.38 1068.78|
-1656.70 107.43 1068.85|
-1658.69 107.47 1068.93|
-1660.66 107.51 1068.99|
-1662.59 107.55 1069.06|
-1664.49 107.58 1069.12|
-1666.35 107.61 1069.17|
-1668.19 107.64 1069.22|
-1669.99 107.67 1069.26|
-1671.76 107.69 1069.30|
-1673.49 107.70 1069.34|
-1675.20 107.72 1069.37|
-1676.87 107.74 1069.39|
-1678.51 107.75 1069.41|
-1680.12 107.76 1069.43|
-1681.70 107.77 1069.44|
-1683.24 107.78 1069.44|
-1684.75 107.78 1069.44|
-1686.23 107.78 1069.44|
-1687.68 107.79 1069.43|
-1689.09 107.79 1069.42|
-1690.48 107.79 1069.40|
-1691.83 107.79 1069.37|
-1693.15 107.78 1069.35|
-1694.43 107.78 1069.31|
-1695.69 107.78 1069.28|
-1696.91 107.77 1069.23|
-1698.10 107.77 1069.19|
-1699.26 107.76 1069.14|
-1700.38 107.76 1069.08|
-1701.48 107.75 1069.02|
-1702.54 107.74 1068.95|
-1703.57 107.74 1068.88|
-1704.56 107.73 1068.81|
-1706.05 107.72 1068.61|
-1707.54 107.71 1068.42|
-1709.02 107.70 1068.22|
-1710.49 107.69 1068.02|
-1711.96 107.68 1067.82|
-1713.43 107.67 1067.62|
-1714.89 107.65 1067.41|
-1716.35 107.64 1067.20|
-1717.80 107.62 1066.99|
-1719.25 107.61 1066.78|
-1720.69 107.59 1066.56|
-1722.13 107.57 1066.34|
-1723.56 107.55 1066.12|
-1724.99 107.53 1065.90|
-1726.41 107.51 1065.67|
-1727.83 107.49 1065.44|
-1729.25 107.46 1065.21|
-1730.66 107.44 1064.98|
-1732.06 107.42 1064.75|
-1733.47 107.39 1064.51|
-1734.86 107.37 1064.27|
-1736.25 107.34 1064.03|
-1737.64 107.31 1063.78|
-1739.02 107.29 1063.53|
-1740.40 107.26 1063.28|
-1741.77 107.23 1063.03|
-1743.14 107.21 1062.78|
-1744.51 107.18 1062.52|
-1745.87 107.15 1062.26|
-1747.22 107.12 1062.00|
-1748.57 107.09 1061.73|
-1749.92 107.06 1061.47|
-1751.26 107.03 1061.20|
-1752.59 107.00 1060.93|
-1753.93 106.97 1060.65|
-1755.25 106.94 1060.38|
-1756.57 106.91 1060.10|
-1757.89 106.87 1059.82|
-1759.21 106.84 1059.53|
-1760.51 106.80 1059.25|
-1761.82 106.76 1058.96|
-1763.12 106.73 1058.67|
-1764.41 106.69 1058.37|
-1765.70 106.65 1058.08|
-1766.99 106.61 1057.78|
-1768.27 106.57 1057.48|
-1769.54 106.53 1057.18|
-1770.81 106.48 1056.87|
-1772.08 106.44 1056.56|
-1773.34 106.40 1056.25|
-1774.60 106.35 1055.94|
-1775.85 106.31 1055.62|
-1777.10 106.27 1055.31|
-1778.34 106.22 1054.99|
-1779.58 106.18 1054.67|
-1780.82 106.13 1054.34|
-1782.05 106.09 1054.01|
-1783.27 106.04 1053.68|
-1784.49 105.99 1053.35|
-1785.71 105.95 1053.02|
-1786.92 105.90 1052.68|
-1788.12 105.86 1052.34|
-1789.33 105.80 1052.00|
-1790.52 105.75 1051.66|
-1791.71 105.70 1051.31|
-1792.90 105.65 1050.96|
-1794.09 105.59 1050.61|
-1795.26 105.54 1050.26|
-1796.44 105.49 1049.90|
-1797.61 105.43 1049.54|
-1798.77 105.37 1049.18|
-1799.93 105.31 1048.82|
-1801.09 105.25 1048.45|
-1802.24 105.19 1048.08|
-1803.38 105.13 1047.71|
-1804.52 105.07 1047.34|
-1805.66 105.01 1046.97|
-1806.79 104.94 1046.59|
-1807.92 104.88 1046.21|
-1809.04 104.82 1045.83|
-1810.16 104.76 1045.44|
-1811.28 104.69 1045.05|
-1812.38 104.62 1044.66|
-1813.49 104.55 1044.27|
-1814.59 104.49 1043.88|
-1815.68 104.42 1043.48|
-1817.18 104.33 1042.92|
-1818.66 104.23 1042.39|
-1820.13 104.14 1041.89|
-1821.59 104.03 1041.41|
-1823.03 103.93 1040.95|
-1824.46 103.82 1040.52|
-1825.88 103.71 1040.12|
-1827.28 103.59 1039.74|
-1828.67 103.47 1039.39|
-1830.04 103.36 1039.07|
-1831.41 103.24 1038.77|
-1832.75 103.12 1038.49|
-1834.09 103.00 1038.24|
-1835.41 102.87 1038.02|
-1836.71 102.75 1037.82|
-1838.00 102.62 1037.65|
-1839.28 102.50 1037.50|
-1840.55 102.37 1037.38|
-1841.80 102.24 1037.29|
-1843.03 102.11 1037.22|
-1844.26 101.98 1037.17|
-1845.47 101.85 1037.16|
-1846.66 101.72 1037.16|
-1847.84 101.59 1037.20|
-1849.01 101.46 1037.26|
-1850.17 101.33 1037.34|
-1851.31 101.19 1037.45|
-1852.43 101.06 1037.59|
-1853.55 100.93 1037.75|
-1854.65 100.79 1037.94|
-1855.73 100.66 1038.15|
-1856.80 100.52 1038.39|
-1857.86 100.39 1038.65|
-1858.91 100.26 1038.94|
-1859.94 100.12 1039.26|
-1860.95 99.99 1039.60|
-1861.96 99.86 1039.96|
-1862.94 99.72 1040.36|
-1863.92 99.58 1040.77|
-1864.88 99.45 1041.22|
-1865.83 99.32 1041.69|
-1867.31 99.11 1042.32|
-1868.76 98.91 1042.96|
-1870.19 98.72 1043.61|
-1871.59 98.52 1044.27|
-1872.97 98.34 1044.93|
-1874.32 98.15 1045.61|
-1875.64 97.97 1046.29|
-1876.93 97.79 1046.98|
-1878.20 97.62 1047.68|
-1879.44 97.45 1048.38|
-1880.65 97.29 1049.10|
-1881.84 97.13 1049.82|
-1883.00 96.97 1050.55|
-1884.14 96.82 1051.29|
-1885.24 96.67 1052.04|
-1886.33 96.53 1052.80|
-1887.38 96.39 1053.56|
-1888.41 96.25 1054.33|
-1889.41 96.12 1055.11|
-1890.38 95.99 1055.90|
-1891.33 95.87 1056.70|
-1892.25 95.75 1057.51|
-1893.15 95.63 1058.32|
-1894.01 95.52 1059.14|
-1894.86 95.41 1059.97|
-1895.67 95.30 1060.81|
-1896.46 95.20 1061.66|
-1897.22 95.10 1062.51|
-1897.95 95.00 1063.38|
-1898.66 94.90 1064.25|
-1899.34 94.81 1065.13|
-1900.00 94.72 1066.02|
-1900.63 94.64 1066.91|
-1901.23 94.55 1067.82|
-1901.80 94.47 1068.73|
-1902.35 94.39 1069.65|
-1902.87 94.31 1070.58|
-1903.37 94.23 1071.52|
-1903.83 94.16 1072.46|
-1904.28 94.09 1073.42|
-1904.69 94.02 1074.38|
-1905.08 93.95 1075.35|
-1905.44 93.88 1076.33|
-1905.77 93.81 1077.32|
-1906.08 93.75 1078.31|
-1906.36 93.69 1079.32|
-1906.62 93.63 1080.33|
-1906.99 93.56 1081.39|
-1907.37 93.49 1082.45|
-1907.75 93.42 1083.52|
-1908.14 93.35 1084.59|
-1908.53 93.28 1085.67|
-1908.92 93.21 1086.76|
-1909.32 93.14 1087.85|
-1909.71 93.08 1088.94|
-1910.12 93.01 1090.05|
-1910.52 92.94 1091.16|
-1910.93 92.87 1092.27|
-1911.34 92.81 1093.39|
-1911.76 92.74 1094.52|
-1912.18 92.67 1095.65|
-1912.60 92.61 1096.78|
-1913.03 92.54 1097.93|
-1913.46 92.47 1099.08|
-1913.89 92.41 1100.23|
-1914.32 92.34 1101.39|
-1914.76 92.28 1102.56|
-1915.21 92.22 1103.73|
-1915.65 92.15 1104.91|
-1916.10 92.09 1106.09|
-1916.56 92.02 1107.28|
-1917.01 91.96 1108.47|
-1917.47 91.90 1109.67|
-1917.93 91.84 1110.88|
-1918.40 91.78 1112.09|
-1918.87 91.72 1113.31|
-1919.34 91.66 1114.53|
-1919.82 91.61 1115.76|
-1920.30 91.55 1117.00|
-1920.78 91.49 1118.24|
-1921.27 91.44 1119.49|
-1921.76 91.39 1120.74|
-1922.26 91.34 1122.00|
-1922.75 91.29 1123.26|
-1923.25 91.24 1124.53|
-1923.76 91.19 1125.81|
-1924.26 91.14 1127.09|
-1924.77 91.09 1128.37|
-1925.29 91.04 1129.67|
-1925.81 90.98 1130.96|
-1926.33 90.93 1132.27|
-1926.85 90.88 1133.58|
-1927.38 90.83 1134.89|
-1927.91 90.78 1136.22|
-1928.44 90.72 1137.54|
-1928.98 90.67 1138.88|
-1929.52 90.62 1140.22|
-1930.07 90.57 1141.56|
-1930.62 90.52 1142.91|
-1931.17 90.47 1144.27|
-1931.72 90.42 1145.63|
-1932.28 90.37 1147.00|
-1932.84 90.33 1148.37|
-1933.41 90.29 1149.75|
-1933.97 90.24 1151.13|
-1934.55 90.20 1152.52|
-1935.12 90.17 1153.92|
-1935.70 90.13 1155.32|
-1936.28 90.10 1156.73|
-1936.87 90.06 1158.14|
-1937.46 90.03 1159.56|
-1938.05 90.00 1160.99|
-1938.25 90.00 1161.46|
-1939.10 89.97 1164.34|
-1939.95 89.96 1167.22|
-1940.80 89.95 1170.09|
-1941.65 89.95 1172.97|
-1942.50 89.95 1175.85|
-1943.35 89.95 1178.72|
-1944.20 89.95 1181.60|
-1945.05 89.95 1184.48|
-1945.90 89.95 1187.36|
-1946.75 89.95 1190.23|
-1947.61 89.95 1193.11|
-1947.55 89.95 1194.74|
-1947.50 89.95 1196.35|
-1947.45 89.95 1197.95|
-1947.39 89.95 1199.53|
-1947.34 89.95 1201.09|
-1947.28 89.95 1202.64|
-1947.22 89.95 1204.17|
-1947.16 89.95 1205.69|
-1947.10 89.95 1207.19|
-1947.04 89.95 1208.67|
-1946.98 89.95 1210.14|
-1946.91 89.95 1211.59|
-1946.84 89.95 1213.03|
-1946.78 89.95 1214.44|
-1946.71 89.95 1215.85|
-1946.64 89.95 1217.24|
-1946.57 89.95 1218.61|
-1946.49 89.95 1219.96|
-1946.42 89.95 1221.30|
-1946.35 89.95 1222.62|
-1946.27 89.95 1223.93|
-1946.19 89.95 1225.22|
-1946.11 89.95 1226.50|
-1946.03 89.95 1227.76|
-1945.95 89.95 1229.00|
-1945.87 89.95 1230.23|
-1945.78 89.95 1231.44|
-1945.70 89.95 1232.63|
-1945.61 89.95 1233.81|
-1945.52 89.95 1234.97|
-1945.44 89.95 1236.12|
-1945.35 89.95 1237.25|
-1945.25 89.95 1238.36|
-1945.16 89.95 1239.46|
-1945.07 89.95 1240.55|
-1944.97 89.95 1241.61|
-1944.88 89.95 1242.66|
-1944.78 89.95 1243.70|
-1944.77 89.95 1243.78|
-1944.67 89.95 1246.78|
-1945.17 89.95 1247.82|
-1945.65 89.95 1248.86|
-1946.11 89.95 1249.91|
-1946.56 89.95 1250.97|
-1946.99 89.95 1252.03|
-1947.41 89.95 1253.09|
-1947.80 89.95 1254.17|
-1948.18 89.95 1255.24|
-1948.55 89.95 1256.33|
-1948.89 89.95 1257.41|
-1949.22 89.95 1258.51|
-1949.53 89.95 1259.61|
-1949.83 89.95 1260.71|
-1950.10 89.95 1261.82|
-1950.36 89.95 1262.94|
-1950.60 89.95 1264.06|
-1950.83 89.95 1265.19|
-1951.04 89.95 1266.32|
-1951.23 89.95 1267.46|
-1951.40 89.95 1268.61|
-1951.56 89.95 1269.76|
-1951.70 89.95 1270.91|
-1951.82 89.95 1272.07|
-1951.93 89.95 1273.24|
-1952.02 89.95 1274.41|
-1952.09 89.95 1275.59|
-1952.14 89.95 1276.77|
-1952.18 89.95 1277.96|
-1952.20 89.95 1279.15|
-1952.20 89.95 1280.35|
-1952.19 89.95 1281.56|
-1952.16 89.95 1282.77|
-1952.11 89.95 1283.99|
-1952.04 89.95 1285.21|
-1951.96 89.95 1286.44|
-1951.86 89.95 1287.67|
-1951.74 89.95 1288.91|
-1951.61 89.95 1290.15|
-1951.46 89.95 1291.40|
-1951.29 89.95 1292.66|
-1951.11 89.95 1293.92|
-1950.90 89.95 1295.18|
-1950.68 89.95 1296.46|
-1950.45 89.95 1297.73|
-1950.19 89.95 1299.02|
-1949.92 89.95 1300.30|
-1949.63 89.95 1301.60|
-1949.33 89.95 1302.90|
-1949.01 89.95 1304.20|
-1948.67 89.95 1305.51|
-1948.31 89.95 1306.83|
-1947.94 89.95 1308.15|
-1947.54 89.95 1309.48|
-1947.14 89.95 1310.81|
-1946.71 89.95 1312.15|
-1946.27 89.95 1313.50|
-1945.81 89.95 1314.85|
-1945.33 89.95 1316.20|
-1944.84 89.95 1317.56|
-1944.33 89.95 1318.93|
-1943.80 89.95 1320.30|
-1943.26 89.95 1321.68|
-1942.69 89.95 1323.06|
-1942.11 89.95 1324.45|
-1941.99 89.95 1324.73|
-1941.89 89.95 1327.73|
-1941.79 89.95 1330.73|
-1941.66 89.95 1334.34|
-1941.73 89.95 1337.34|
-1941.80 89.95 1340.34|
-1941.87 89.95 1343.34|
-1941.94 89.95 1346.34|
-1942.01 89.95 1349.34|
-1942.07 89.95 1352.34|
-1942.14 89.95 1355.34|
-1942.21 89.95 1358.34|
-1942.28 89.95 1361.33|
-1942.35 89.95 1364.33|
-1942.42 89.95 1367.33|
-1942.38 89.95 1368.72|
-1942.34 89.95 1370.10|
-1942.31 89.95 1371.49|
-1942.28 89.95 1372.87|
-1942.25 89.95 1374.25|
-1942.22 89.95 1375.63|
-1942.19 89.95 1377.01|
-1942.16 89.95 1378.39|
-1942.14 89.95 1379.77|
-1942.12 89.95 1381.14|
-1942.10 89.95 1382.52|
-1942.08 89.95 1383.89|
-1942.06 89.95 1385.27|
-1942.04 89.95 1386.64|
-1942.03 89.95 1388.01|
-1942.01 89.95 1389.38|
-1942.00 89.95 1390.75|
-1941.99 89.95 1392.12|
-1941.98 89.95 1393.48|
-1941.97 89.95 1394.85|
-1941.97 89.95 1396.21|
-1941.96 89.95 1397.58|
-1941.96 89.95 1398.94|
-1941.96 89.95 1400.30|
-1941.96 89.95 1401.66|
-1941.96 89.95 1403.02|
-1941.97 89.95 1404.38|
-1941.97 89.95 1405.74|
-1941.98 89.95 1407.10|
-1941.99 89.95 1408.45|
-1942.00 89.95 1409.81|
-1942.01 89.95 1411.16|
-1942.02 89.95 1412.52|
-1942.03 89.95 1413.87|
-1942.05 89.95 1415.22|
-1942.07 89.95 1416.57|
-1942.09 89.95 1417.92|
-1942.11 89.95 1419.26|
-1942.13 89.95 1420.61|
-1942.15 89.95 1421.96|
-1942.18 89.95 1423.30|
-1942.21 89.95 1424.64|
-1942.23 89.95 1425.99|
-1942.26 89.95 1427.33|
-1942.29 89.95 1428.67|
-1942.33 89.95 1430.01|
-1942.36 89.95 1431.35|
-1942.40 89.95 1432.68|
-1942.44 89.95 1434.02|
-1942.48 89.95 1435.36|
-1942.52 89.95 1436.69|
-1942.56 89.95 1438.02|
-1942.60 89.95 1439.35|
-1942.65 89.95 1440.69|
-1942.70 89.95 1442.02|
-1942.74 89.95 1443.35|
-1942.79 89.95 1444.67|
-1942.85 89.95 1446.00|
-1942.90 89.95 1447.33|
-1942.95 89.95 1448.65|
-1943.01 89.95 1449.98|
-1943.07 89.95 1451.30|
-1943.13 89.95 1452.62|
-1943.19 89.95 1453.94|
-1943.25 89.95 1455.26|
-1943.32 89.95 1456.58|
-1943.38 89.95 1457.90|
-1943.45 89.95 1459.22|
-1943.52 89.95 1460.53|
-1943.59 89.95 1461.85|
-1943.66 89.95 1463.16|
-1943.73 89.95 1464.47|
-1943.81 89.95 1465.78|
-1943.89 89.95 1467.09|
-1943.96 89.95 1468.40|
-1944.04 89.95 1469.71|
-1944.12 89.96 1471.02|
-1944.21 89.96 1472.33|
-1944.29 89.96 1473.63|
-1944.38 89.96 1474.94|
-1944.47 89.96 1476.24|
-1944.55 89.96 1477.54|
-1944.65 89.96 1478.85|
-1944.74 89.96 1480.15|
-1944.83 89.96 1481.45|
-1944.93 89.96 1482.74|
-1945.02 89.96 1484.04|
-1945.12 89.96 1485.34|
-1945.22 89.96 1486.63|
-1945.32 89.97 1487.93|
-1945.43 89.97 1489.22|
-1945.53 89.97 1490.51|
-1945.64 89.97 1491.80|
-1945.74 89.97 1493.09|
-1945.85 89.97 1494.38|
-1945.96 89.97 1495.67|
-1946.08 89.97 1496.96|
-1946.19 89.97 1498.24|
-1946.31 89.98 1499.53|
-1946.42 89.98 1500.81|
-1946.54 89.98 1502.10|
-1946.66 89.98 1503.38|
-1946.78 89.98 1504.66|
-1946.91 89.98 1505.94|
-1947.03 89.98 1507.22|
-1947.16 89.98 1508.50|
-1947.29 89.98 1509.77|
-1947.42 89.98 1511.05|
-1947.55 89.99 1512.32|
-1947.68 89.99 1513.60|
-1947.71 89.99 1513.84|
-1947.97 89.99 1516.83|
-1948.23 89.99 1519.82|
-1948.49 89.99 1522.81|
-1948.76 89.99 1525.80|
-1949.02 89.99 1528.79|
-1949.28 90.00 1531.77|
-1949.55 90.00 1534.76|
-1949.81 90.00 1537.75|
-1950.07 90.00 1540.74|
-1950.33 89.99 1543.73|
-1950.60 89.99 1546.72|
-1950.86 90.00 1549.71|
-1951.12 89.99 1552.69|
-1951.39 89.99 1555.68|
-1951.65 89.99 1558.67|
-1951.91 89.99 1561.66|
-1952.17 89.99 1564.65|
-1952.44 89.99 1567.64|
-1952.70 89.99 1570.62|
-1952.96 89.99 1573.61|
-1953.22 89.98 1576.60|
-1953.49 89.98 1579.59|
-1953.75 89.97 1582.58|
-1954.01 89.97 1585.57|
-1954.28 89.96 1588.56|
-1954.54 89.96 1591.54|
-1954.80 89.96 1594.53|
-1955.06 89.96 1597.52|
-1955.33 89.95 1600.51|
-1955.59 89.95 1603.50|
-1955.85 89.95 1606.49|
-1956.12 89.95 1609.47|
-1956.38 89.95 1612.46|
-1956.64 89.95 1615.45|
-1956.90 89.95 1618.44|
-1957.17 89.95 1621.43|
-1957.43 89.95 1624.42|
-1957.69 89.95 1627.41|
-1957.96 89.95 1630.39|
-1958.22 89.95 1633.38|
-1958.48 89.95 1636.37|
-1958.74 89.95 1639.36|
-1959.01 89.95 1642.35|
-1959.27 89.95 1645.34|
-1959.53 89.95 1648.32|
-1959.80 89.95 1651.31|
-1960.06 89.95 1654.30|
-1960.32 89.95 1657.29|
-1960.58 89.95 1660.28|
-1960.85 89.95 1663.27|
-1961.11 89.95 1666.26|
-1961.37 89.95 1669.24|
-1961.63 89.95 1672.23|
-1961.90 89.95 1675.22|
-1962.16 89.95 1678.21|
-1962.42 89.95 1681.20|
-1962.69 89.95 1684.19|
-1962.95 89.95 1687.18|
-1963.21 89.95 1690.16|
-1963.47 89.95 1693.15|
-1963.74 89.95 1696.14|
-1964.00 89.95 1699.13|
-1964.26 89.95 1702.12|
-1964.53 89.95 1705.11|
-1964.79 89.95 1708.09|
-1965.05 89.95 1711.08|
-1965.31 89.95 1714.07|
-1965.58 89.95 1717.06|
-1965.84 89.95 1720.05|
-1966.10 89.95 1723.04|
-1966.37 89.95 1726.03|
-1966.63 89.95 1729.01|
-1966.89 89.95 1732.00|
-1967.15 89.95 1734.99|
-1967.42 89.95 1737.98|
-1967.83 89.95 1742.71|
-1968.06 89.95 1743.96|
-1968.26 89.95 1745.20|
-1968.43 89.95 1746.41|
-1968.58 89.95 1747.61|
-1968.69 89.95 1748.80|
-1968.77 89.95 1749.96|
-1968.83 89.95 1751.11|
-1968.85 89.95 1752.24|
-1968.85 89.95 1753.35|
-1968.81 89.95 1754.44|
-1968.75 89.95 1755.52|
-1968.66 89.95 1756.58|
-1968.54 89.95 1757.62|
-1968.39 89.95 1758.65|
-1968.21 89.95 1759.65|
-1968.00 89.95 1760.64|
-1967.76 89.95 1761.61|
-1967.50 89.95 1762.57|
-1967.20 89.95 1763.50|
-1966.88 89.95 1764.42|
-1966.52 89.95 1765.32|
-1966.14 89.95 1766.21|
-1965.73 89.95 1767.07|
-1965.29 89.95 1767.92|
-1964.81 89.95 1768.75|
-1964.31 89.95 1769.56|
-1963.79 89.95 1770.36|
-1963.23 89.95 1771.14|
-1962.64 89.95 1771.90|
-1962.02 89.95 1772.64|
-1961.38 89.95 1773.37|
-1960.70 89.95 1774.07|
-1960.00 89.95 1774.76|
-1959.26 89.95 1775.44|
-1958.50 89.95 1776.09|
-1957.71 89.95 1776.73|
-1956.89 89.95 1777.35|
-1956.04 89.95 1777.95|
-1955.16 89.95 1778.53|
-1954.25 89.95 1779.10|
-1953.31 89.95 1779.65|
-1952.35 89.95 1780.18|
-1951.35 89.95 1780.70|
-1950.33 89.95 1781.19|
-1949.27 89.95 1781.67|
-1948.19 89.95 1782.13|
-1947.08 89.95 1782.58|
-1945.93 89.95 1783.01|
-1944.76 89.95 1783.41|
-1943.56 89.95 1783.81|
-1942.33 89.96 1784.18|
-1941.08 89.97 1784.54|
-1939.79 89.98 1784.87|
-1938.47 90.00 1785.19|
-1937.68 90.02 1785.38|
-1934.68 90.07 1785.24|
-1931.69 90.14 1785.10|
-1928.69 90.23 1784.97|
-1925.69 90.32 1784.83|
-1922.70 90.42 1784.69|
-1919.70 90.52 1784.56|
-1916.70 90.62 1784.42|
-1913.71 90.72 1784.29|
-1910.71 90.82 1784.15|
-1907.71 90.92 1784.01|
-1904.72 91.02 1783.88|
-1901.72 91.12 1783.74|
-1898.72 91.22 1783.60|
-1895.73 91.32 1783.47|
-1892.73 91.42 1783.33|
-1889.73 91.52 1783.20|
-1886.73 91.62 1783.06|
-1883.74 91.72 1782.92|
-1880.74 91.82 1782.79|
-1877.74 91.92 1782.65|
-1874.75 92.01 1782.51|
-1871.75 92.10 1782.38|
-1868.75 92.20 1782.24|
-1865.76 92.29 1782.11|
-1862.76 92.38 1781.97|
-1859.76 92.48 1781.83|
-1856.77 92.57 1781.70|
-1853.77 92.66 1781.56|
-1850.77 92.76 1781.43|
-1847.77 92.86 1781.29|
-1844.78 92.95 1781.15|
-1841.78 93.00 1781.02|
-1838.78 92.85 1780.88|
-1835.79 93.11 1780.74|
-1832.79 93.25 1780.61|
-1829.79 93.31 1780.47|
-1825.04 93.55 1780.26|
-1822.05 93.70 1780.07|
-1819.05 93.81 1779.88|
-1816.06 93.91 1779.69|
-1813.07 94.01 1779.50|
-1810.07 94.11 1779.31|
-1807.08 94.21 1779.13|
-1804.08 94.30 1778.94|
-1801.09 94.40 1778.75|
-1798.10 94.45 1778.56|
-1795.10 94.53 1778.37|
-1792.11 94.63 1778.18|
-1789.11 94.74 1777.99|
-1786.12 94.82 1777.81|
-1783.12 94.91 1777.62|
-1780.13 94.99 1777.43|
-1777.14 95.08 1777.24|
-1774.14 95.17 1777.05|
-1771.15 95.25 1776.86|
-1768.15 95.34 1776.68|
-1765.16 95.43 1776.49|
-1762.17 95.51 1776.30|
-1759.17 95.59 1776.11|
-1756.18 95.67 1775.92|
-1753.18 95.75 1775.73|
-1750.19 95.83 1775.54|
-1747.20 95.90 1775.36|
-1743.69 95.98 1775.14|
-1740.69 96.05 1775.29|
-1737.70 96.12 1775.44|
-1734.70 96.18 1775.59|
-1731.71 96.24 1775.74|
-1728.71 96.30 1775.89|
-1725.71 96.34 1776.04|
-1722.72 96.36 1776.19|
-1719.72 96.41 1776.34|
-1716.72 96.50 1776.49|
-1713.73 96.54 1776.64|
-1710.73 96.58 1776.79|
-1707.74 96.62 1776.94|
-1704.74 96.65 1777.10|
-1701.74 96.68 1777.25|
-1698.75 96.71 1777.40|
-1695.75 96.74 1777.55|
-1692.76 96.77 1777.70|
-1689.76 96.79 1777.85|
-1686.76 96.81 1778.00|
-1683.77 96.82 1778.15|
-1680.77 96.83 1778.30|
-1677.77 96.84 1778.45|
-1674.78 96.85 1778.60|
-1671.78 96.85 1778.75|
-1668.79 96.85 1778.90|
-1665.79 96.84 1779.06|
-1662.79 96.84 1779.21|
-1659.80 96.83 1779.36|
-1656.80 96.82 1779.51|
-1653.80 96.80 1779.66|
-1650.81 96.79 1779.81|
-1647.81 96.78 1779.96|
-1644.82 96.76 1780.11|
-1641.82 96.75 1780.26|
-1638.82 96.73 1780.41|
-1635.83 96.71 1780.56|
-1632.83 96.70 1780.71|
-1629.83 96.68 1780.86|
-1626.84 96.67 1781.02|
-1623.84 96.65 1781.17|
-1620.85 96.63 1781.32|
-1617.85 96.61 1781.47|
-1614.85 96.59 1781.62|
-1611.86 96.57 1781.77|
-1608.86 96.55 1781.92|
-1605.87 96.53 1782.07|
-1602.87 96.50 1782.22|
-1599.87 96.48 1782.37|
-1596.88 96.46 1782.52|
-1593.88 96.44 1782.67|
-1590.88 96.41 1782.82|
-1587.89 96.39 1782.97|
-1584.89 96.37 1783.13|
-1581.90 96.35 1783.28|
-1578.90 96.33 1783.43|
-1575.90 96.31 1783.58|
-1572.91 96.29 1783.73|
-1569.91 96.27 1783.88|
-1566.91 96.25 1784.03|
-1562.78 96.22 1784.24|
</vertices>
</customField>
