<?xml version="1.0" encoding="utf-8" standalone="no"?>
<customField name="CP-1">
    <vertices>
-597.78 80.89 -540.51|
-597.76 80.89 -541.58|
-597.74 80.89 -542.65|
-597.73 80.89 -543.73|
-597.71 80.89 -544.81|
-597.69 80.89 -545.90|
-597.68 80.89 -546.99|
-597.66 80.89 -548.08|
-597.65 80.89 -549.17|
-597.63 80.89 -550.28|
-597.62 80.89 -551.38|
-597.60 80.89 -552.49|
-597.59 80.89 -553.60|
-597.57 80.89 -554.72|
-597.56 80.89 -555.84|
-597.54 80.89 -556.96|
-597.53 80.89 -558.09|
-597.52 80.89 -559.23|
-597.50 80.88 -560.36|
-597.49 80.87 -561.50|
-597.48 80.87 -562.65|
-597.46 80.86 -563.80|
-597.45 80.85 -564.95|
-597.44 80.84 -566.11|
-597.43 80.84 -567.27|
-597.42 80.83 -568.43|
-597.40 80.82 -569.60|
-597.39 80.81 -570.78|
-597.38 80.80 -571.95|
-597.37 80.79 -573.14|
-597.36 80.78 -574.32|
-597.35 80.77 -575.51|
-597.34 80.75 -576.70|
-597.33 80.73 -577.90|
-597.32 80.70 -579.10|
-597.31 80.67 -580.31|
-597.30 80.64 -581.52|
-597.29 80.60 -582.73|
-597.28 80.56 -583.95|
-597.27 80.51 -585.17|
-597.26 80.46 -586.39|
-597.25 80.42 -587.62|
-597.24 80.36 -588.86|
-597.23 80.31 -590.09|
-597.23 80.25 -591.34|
-597.22 80.20 -592.58|
-597.21 80.14 -593.83|
-597.20 80.07 -595.08|
-597.20 80.01 -596.34|
-597.19 79.94 -597.60|
-597.18 79.87 -598.87|
-597.18 79.80 -600.14|
-597.17 79.73 -601.41|
-597.16 79.66 -602.69|
-597.16 79.58 -603.97|
-597.15 79.51 -605.26|
-597.15 79.43 -606.55|
-597.14 79.35 -607.84|
-597.13 79.27 -609.14|
-597.13 79.20 -610.44|
-597.12 79.12 -611.75|
-597.12 79.04 -613.06|
-597.12 78.96 -614.37|
-597.11 78.88 -615.69|
-597.11 78.80 -617.01|
-597.10 78.72 -618.34|
-597.10 78.63 -619.66|
-597.10 78.54 -621.00|
-597.09 78.45 -622.34|
-597.09 78.36 -623.68|
-597.09 78.27 -625.02|
-597.09 78.17 -626.37|
-597.08 78.07 -627.73|
-597.08 77.96 -629.09|
-597.08 77.86 -630.45|
-597.08 77.75 -631.81|
-597.08 77.63 -633.19|
-597.07 77.52 -634.56|
-597.07 77.40 -635.94|
-597.07 77.27 -637.32|
-597.07 77.15 -638.71|
-597.07 77.03 -640.10|
-597.07 76.93 -641.49|
-597.07 76.84 -642.89|
-597.07 76.75 -644.29|
-597.07 76.68 -645.70|
-597.07 76.61 -647.11|
-597.07 76.55 -648.52|
-597.07 76.50 -649.94|
-597.07 76.47 -651.36|
-597.08 76.44 -652.79|
-597.08 76.42 -654.22|
-597.08 76.40 -655.65|
-597.08 76.40 -657.09|
-597.08 76.40 -658.53|
-597.09 76.41 -659.98|
-597.09 76.43 -661.43|
-597.09 76.45 -662.89|
-597.09 76.48 -664.34|
-597.10 76.52 -665.81|
-597.10 76.57 -667.27|
-597.10 76.62 -668.74|
-597.11 76.68 -670.22|
-597.11 76.74 -671.70|
-597.12 76.81 -673.18|
-597.12 76.89 -674.67|
-597.13 76.98 -676.16|
-597.13 77.07 -677.65|
-597.14 77.18 -679.15|
-597.14 77.28 -680.65|
-597.15 77.38 -682.16|
-597.15 77.48 -683.67|
-597.16 77.58 -685.19|
-597.16 77.68 -686.70|
-597.17 77.78 -688.23|
-597.18 77.87 -689.75|
-597.18 77.96 -691.29|
-597.19 78.06 -692.82|
-597.20 78.15 -694.36|
-597.21 78.24 -695.90|
-597.21 78.33 -697.45|
-597.22 78.41 -699.00|
-597.23 78.50 -700.56|
-597.24 78.58 -702.11|
-597.25 78.66 -703.68|
-597.25 78.73 -705.24|
-597.26 78.81 -706.82|
-597.27 78.89 -708.39|
-597.28 78.97 -709.97|
-597.29 79.05 -711.55|
-597.30 79.12 -713.14|
-597.31 79.20 -714.73|
-597.32 79.28 -716.33|
-597.33 79.33 -717.39|
-598.51 79.32 -717.45|
-599.69 79.30 -717.50|
-600.88 79.29 -717.56|
-602.08 79.27 -717.61|
-603.27 79.26 -717.66|
-604.48 79.25 -717.71|
-605.68 79.24 -717.75|
-606.89 79.23 -717.80|
-608.11 79.22 -717.84|
-609.33 79.21 -717.87|
-610.55 79.21 -717.91|
-611.78 79.20 -717.94|
-613.01 79.20 -717.97|
-614.25 79.19 -718.00|
-615.49 79.18 -718.03|
-616.73 79.18 -718.05|
-617.98 79.17 -718.07|
-619.23 79.17 -718.09|
-620.49 79.17 -718.11|
-621.75 79.17 -718.12|
-623.02 79.16 -718.14|
-624.29 79.15 -718.15|
-625.56 79.14 -718.15|
-626.84 79.13 -718.16|
-628.13 79.12 -718.16|
-629.41 79.11 -718.16|
-630.71 79.10 -718.16|
-632.00 79.09 -718.15|
-633.30 79.08 -718.15|
-634.61 79.07 -718.14|
-635.91 79.05 -718.13|
-637.23 79.04 -718.11|
-638.54 79.03 -718.10|
-639.87 79.02 -718.08|
-641.19 79.01 -718.05|
-642.52 78.99 -718.03|
-643.86 78.97 -718.00|
-645.20 78.94 -717.98|
-646.54 78.91 -717.95|
-647.89 78.87 -717.91|
-649.24 78.84 -717.88|
-650.59 78.80 -717.84|
-651.95 78.77 -717.80|
-653.32 78.73 -717.76|
-654.68 78.69 -717.71|
-656.06 78.65 -717.66|
-657.43 78.61 -717.61|
-658.82 78.57 -717.56|
-660.20 78.53 -717.51|
-661.59 78.49 -717.45|
-662.99 78.45 -717.39|
-664.38 78.40 -717.33|
-665.79 78.36 -717.26|
-667.19 78.32 -717.20|
-668.60 78.28 -717.13|
-670.02 78.24 -717.06|
-671.44 78.20 -716.98|
-672.86 78.16 -716.91|
-674.29 78.12 -716.83|
-675.72 78.09 -716.75|
-677.16 78.06 -716.67|
-678.60 78.02 -716.58|
-680.05 77.99 -716.49|
-681.50 77.97 -716.40|
-682.95 77.94 -716.31|
-684.41 77.91 -716.21|
-685.87 77.89 -716.12|
-687.34 77.87 -716.02|
-688.81 77.86 -715.91|
-690.28 77.84 -715.81|
-691.76 77.84 -715.70|
-692.10 77.84 -715.68|
-692.12 77.95 -714.20|
-692.15 78.06 -712.72|
-692.18 78.17 -711.25|
-692.21 78.27 -709.78|
-692.23 78.37 -708.31|
-692.26 78.47 -706.85|
-692.28 78.57 -705.39|
-692.31 78.67 -703.94|
-692.33 78.76 -702.49|
-692.36 78.85 -701.05|
-692.38 78.94 -699.61|
-692.40 79.03 -698.17|
-692.42 79.12 -696.74|
-692.45 79.20 -695.31|
-692.47 79.29 -693.88|
-692.49 79.37 -692.46|
-692.51 79.44 -691.05|
-692.53 79.52 -689.64|
-692.55 79.59 -688.23|
-692.57 79.67 -686.82|
-692.58 79.74 -685.42|
-692.60 79.81 -684.03|
-692.62 79.87 -682.64|
-692.64 79.93 -681.25|
-692.65 79.99 -679.87|
-692.67 80.05 -678.49|
-692.69 80.10 -677.11|
-692.70 80.15 -675.74|
-692.71 80.20 -674.38|
-692.73 80.25 -673.01|
-692.74 80.29 -671.65|
-692.76 80.33 -670.30|
-692.77 80.37 -668.95|
-692.78 80.40 -667.60|
-692.79 80.44 -666.26|
-692.80 80.47 -664.92|
-692.81 80.50 -663.59|
-692.82 80.53 -662.26|
-692.83 80.56 -660.93|
-692.84 80.58 -659.61|
-692.85 80.61 -658.29|
-692.86 80.63 -656.98|
-692.87 80.65 -655.67|
-692.87 80.67 -654.37|
-692.88 80.68 -653.06|
-692.89 80.70 -651.77|
-692.89 80.71 -650.47|
-692.90 80.72 -649.19|
-692.90 80.73 -647.90|
-692.91 80.74 -646.62|
-692.91 80.75 -645.34|
-692.91 80.76 -644.07|
-692.92 80.76 -642.80|
-692.92 80.77 -641.54|
-692.92 80.78 -640.28|
-692.92 80.78 -639.02|
-692.92 80.79 -637.77|
-692.92 80.79 -636.52|
-692.92 80.79 -635.28|
-692.92 80.80 -634.04|
-692.92 80.80 -632.80|
-692.92 80.80 -631.57|
-692.92 80.81 -630.34|
-692.92 80.81 -629.12|
-692.91 80.81 -627.90|
-692.91 80.82 -626.69|
-692.91 80.82 -625.48|
-692.90 80.83 -624.27|
-692.90 80.83 -623.07|
-692.89 80.83 -621.87|
-692.89 80.83 -620.67|
-692.88 80.84 -619.48|
-692.87 80.84 -618.30|
-692.87 80.84 -617.83|
-691.50 80.84 -617.19|
-690.13 80.84 -616.55|
-688.77 80.83 -615.91|
-687.43 80.83 -615.26|
-686.09 80.83 -614.61|
-684.75 80.83 -613.96|
-683.43 80.83 -613.30|
-682.11 80.83 -612.64|
-680.81 80.83 -611.97|
-679.51 80.82 -611.30|
-678.22 80.82 -610.63|
-676.93 80.82 -609.95|
-675.66 80.82 -609.27|
-674.39 80.82 -608.59|
-673.13 80.82 -607.90|
-671.88 80.82 -607.21|
-670.64 80.82 -606.51|
-669.41 80.83 -605.81|
-668.18 80.83 -605.11|
-666.96 80.83 -604.41|
-665.75 80.84 -603.70|
-664.55 80.84 -602.98|
-663.36 80.84 -602.27|
-662.18 80.85 -601.54|
-661.00 80.85 -600.82|
-659.83 80.86 -600.09|
-658.67 80.86 -599.36|
-657.52 80.87 -598.62|
-656.38 80.88 -597.88|
-655.24 80.88 -597.14|
-654.11 80.89 -596.40|
-653.00 80.89 -595.64|
-651.88 80.89 -594.89|
-650.78 80.89 -594.13|
-649.69 80.89 -593.37|
-648.60 80.89 -592.61|
-647.52 80.89 -591.84|
-646.45 80.89 -591.07|
-645.39 80.89 -590.29|
-644.34 80.89 -589.51|
-643.29 80.89 -588.73|
-642.26 80.89 -587.94|
-641.23 80.89 -587.15|
-640.21 80.89 -586.35|
-639.20 80.89 -585.56|
-638.19 80.89 -584.75|
-637.20 80.89 -583.95|
-636.21 80.89 -583.14|
-635.23 80.89 -582.33|
-634.26 80.89 -581.51|
-633.30 80.89 -580.69|
-632.34 80.89 -579.87|
-631.39 80.89 -579.04|
-630.46 80.89 -578.21|
-629.53 80.89 -577.37|
-628.60 80.89 -576.53|
-627.69 80.89 -575.69|
-626.79 80.89 -574.85|
-625.89 80.89 -574.00|
-625.00 80.89 -573.14|
-624.12 80.89 -572.29|
-623.25 80.89 -571.43|
-622.38 80.89 -570.56|
-621.52 80.89 -569.69|
-620.68 80.89 -568.82|
-619.84 80.89 -567.95|
-619.00 80.89 -567.07|
-618.18 80.89 -566.18|
-617.37 80.89 -565.30|
-616.56 80.89 -564.41|
-615.76 80.89 -563.51|
-614.97 80.89 -562.62|
-614.19 80.89 -561.72|
-613.41 80.89 -560.81|
-612.65 80.89 -559.90|
-611.89 80.89 -558.99|
-611.14 80.89 -558.07|
-610.40 80.89 -557.15|
-609.67 80.89 -556.23|
-608.94 80.89 -555.30|
-608.22 80.89 -554.37|
-607.52 80.89 -553.44|
-606.81 80.89 -552.50|
-606.12 80.89 -551.56|
-605.44 80.89 -550.62|
-604.76 80.89 -549.67|
-604.10 80.89 -548.71|
-603.44 80.89 -547.76|
-602.79 80.89 -546.80|
-602.14 80.89 -545.83|
-601.51 80.89 -544.87|
-600.88 80.89 -543.90|
-600.26 80.89 -542.92|
-599.65 80.89 -541.94|
-599.05 80.89 -540.96|
-598.48 80.89 -540.01|
</vertices>
</customField>
