<?xml version="1.0" encoding="utf-8" standalone="no"?>
<customField name="CP-2">
    <vertices>
-595.03 80.86 -493.60|
-594.55 80.86 -491.67|
-594.08 80.86 -489.78|
-593.62 80.85 -487.93|
-593.18 80.85 -486.11|
-592.74 80.84 -484.33|
-592.31 80.83 -482.59|
-591.90 80.83 -480.88|
-591.49 80.82 -479.22|
-591.10 80.82 -477.59|
-590.71 80.81 -475.99|
-590.34 80.80 -474.44|
-589.98 80.80 -472.92|
-589.63 80.79 -471.44|
-589.29 80.79 -469.99|
-588.96 80.78 -468.58|
-588.64 80.77 -467.21|
-588.33 80.77 -465.88|
-588.03 80.76 -464.58|
-587.74 80.75 -463.33|
-587.46 80.74 -462.11|
-587.20 80.74 -460.92|
-586.94 80.74 -459.77|
-586.69 80.73 -458.66|
-586.46 80.73 -457.59|
-586.24 80.73 -456.56|
-586.02 80.72 -455.56|
-585.82 80.72 -454.60|
-585.63 80.72 -453.68|
-585.44 80.72 -452.79|
-585.27 80.72 -451.94|
-585.11 80.71 -451.13|
-584.96 80.71 -450.35|
-584.82 80.71 -449.62|
-584.70 80.71 -448.92|
-584.60 80.71 -448.36|
-583.93 80.71 -446.61|
-583.28 80.71 -444.92|
-582.65 80.71 -443.29|
-582.04 80.71 -441.72|
-581.45 80.71 -440.21|
-580.88 80.71 -438.75|
-580.33 80.71 -437.36|
-579.80 80.71 -436.02|
-579.29 80.71 -434.74|
-578.79 80.71 -433.51|
-578.32 80.71 -432.35|
-577.87 80.71 -431.24|
-577.43 80.71 -430.19|
-577.02 80.71 -429.20|
-576.62 80.71 -428.27|
-576.25 80.71 -427.40|
-575.89 80.71 -426.58|
-575.56 80.71 -425.83|
-574.65 80.71 -424.62|
-573.78 80.71 -423.43|
-572.95 80.71 -422.23|
-572.16 80.71 -421.04|
-571.41 80.71 -419.86|
-570.69 80.71 -418.68|
-570.02 80.71 -417.51|
-569.38 80.71 -416.34|
-568.78 80.71 -415.17|
-568.21 80.71 -414.01|
-567.69 80.71 -412.85|
-567.20 80.71 -411.70|
-566.75 80.71 -410.56|
-566.34 80.71 -409.42|
-565.97 80.71 -408.28|
-565.63 80.71 -407.15|
-565.33 80.71 -406.02|
-565.07 80.71 -404.90|
-564.85 80.71 -403.78|
-564.67 80.71 -402.67|
-564.52 80.71 -401.56|
-564.41 80.71 -400.46|
-564.34 80.71 -399.36|
-564.31 80.71 -398.26|
-564.32 80.71 -397.17|
-564.36 80.71 -396.09|
-564.44 80.71 -395.01|
-564.56 80.71 -393.93|
-564.72 80.71 -392.86|
-564.92 80.71 -391.80|
-565.15 80.71 -390.74|
-565.42 80.71 -389.68|
-565.73 80.71 -388.63|
-566.08 80.71 -387.58|
-566.46 80.71 -386.54|
-566.89 80.71 -385.50|
-567.35 80.71 -384.47|
-567.80 80.71 -383.54|
-568.67 80.71 -382.39|
-569.55 80.71 -381.27|
-570.43 80.71 -380.18|
-571.32 80.71 -379.12|
-572.23 80.71 -378.09|
-573.13 80.71 -377.09|
-574.05 80.71 -376.12|
-574.97 80.71 -375.19|
-575.91 80.71 -374.28|
-576.84 80.71 -373.41|
-577.79 80.71 -372.57|
-578.75 80.71 -371.76|
-579.71 80.71 -370.97|
-580.68 80.71 -370.22|
-581.65 80.71 -369.51|
-582.64 80.71 -368.82|
-583.63 80.71 -368.16|
-584.63 80.71 -367.53|
-585.64 80.71 -366.94|
-586.65 80.71 -366.38|
-587.67 80.71 -365.84|
-588.70 80.71 -365.34|
-589.74 80.71 -364.87|
-590.79 80.71 -364.43|
-591.84 80.71 -364.02|
-592.90 80.71 -363.64|
-593.97 80.71 -363.29|
-595.04 80.71 -362.98|
-596.13 80.71 -362.69|
-597.22 80.71 -362.44|
-598.32 80.71 -362.22|
-599.42 80.71 -362.02|
-600.54 80.71 -361.86|
-601.66 80.71 -361.73|
-602.79 80.71 -361.63|
-603.92 80.71 -361.56|
-605.07 80.71 -361.53|
-606.22 80.71 -361.52|
-607.38 80.71 -361.55|
-608.55 80.71 -361.60|
-609.72 80.71 -361.69|
-610.90 80.71 -361.81|
-612.09 80.71 -361.95|
-612.82 80.71 -362.06|
-614.09 80.71 -362.48|
-615.34 80.71 -362.92|
-616.55 80.71 -363.38|
-617.74 80.71 -363.85|
-618.91 80.71 -364.34|
-620.04 80.71 -364.85|
-621.15 80.71 -365.38|
-622.23 80.71 -365.91|
-623.29 80.71 -366.47|
-624.32 80.71 -367.04|
-625.32 80.71 -367.63|
-626.29 80.71 -368.24|
-627.24 80.71 -368.86|
-628.16 80.71 -369.50|
-629.06 80.71 -370.16|
-629.93 80.71 -370.83|
-630.77 80.71 -371.52|
-631.58 80.71 -372.22|
-632.37 80.71 -372.95|
-633.13 80.71 -373.68|
-633.86 80.71 -374.44|
-634.57 80.71 -375.21|
-635.25 80.71 -376.00|
-635.90 80.71 -376.80|
-636.52 80.71 -377.63|
-637.12 80.71 -378.46|
-637.69 80.71 -379.32|
-638.24 80.71 -380.19|
-638.76 80.71 -381.08|
-639.25 80.71 -381.98|
-639.71 80.71 -382.90|
-640.15 80.71 -383.84|
-640.56 80.71 -384.79|
-640.95 80.71 -385.76|
-641.30 80.71 -386.75|
-641.63 80.71 -387.75|
-641.94 80.71 -388.77|
-642.21 80.71 -389.81|
-642.46 80.71 -390.86|
-642.68 80.71 -391.93|
-642.88 80.71 -393.02|
-643.05 80.71 -394.12|
-643.19 80.71 -395.24|
-643.31 80.71 -396.37|
-643.39 80.71 -397.53|
-643.46 80.71 -398.70|
-643.49 80.71 -399.88|
-643.50 80.71 -401.08|
-643.48 80.71 -402.30|
-643.43 80.71 -403.54|
-643.36 80.71 -404.79|
-643.26 80.71 -406.06|
-643.13 80.71 -407.34|
-643.01 80.71 -408.45|
-642.31 80.71 -409.71|
-641.62 80.71 -410.96|
-640.93 80.71 -412.22|
-640.25 80.71 -413.47|
-639.56 80.71 -414.72|
-638.88 80.71 -415.97|
-638.20 80.71 -417.21|
-637.52 80.71 -418.46|
-636.85 80.71 -419.70|
-636.18 80.71 -420.94|
-635.51 80.71 -422.18|
-634.84 80.71 -423.41|
-634.17 80.71 -424.64|
-633.51 80.71 -425.88|
-632.85 80.71 -427.10|
-632.19 80.71 -428.33|
-631.53 80.71 -429.56|
-630.88 80.71 -430.78|
-630.23 80.71 -432.00|
-629.58 80.71 -433.22|
-628.93 80.71 -434.44|
-628.28 80.71 -435.65|
-627.64 80.71 -436.86|
-627.00 80.71 -438.07|
-626.36 80.71 -439.28|
-625.73 80.71 -440.49|
-625.09 80.71 -441.69|
-624.46 80.71 -442.89|
-623.83 80.71 -444.09|
-623.20 80.71 -445.29|
-622.58 80.71 -446.49|
-621.96 80.71 -447.68|
-621.34 80.71 -448.87|
-620.72 80.71 -450.06|
-620.10 80.71 -451.25|
-619.49 80.71 -452.43|
-618.88 80.71 -453.62|
-618.27 80.71 -454.80|
-617.67 80.71 -455.98|
-617.06 80.71 -457.16|
-616.46 80.71 -458.33|
-615.86 80.71 -459.50|
-615.26 80.72 -460.67|
-614.67 80.72 -461.84|
-614.08 80.73 -463.01|
-613.49 80.74 -464.17|
-612.90 80.74 -465.34|
-612.31 80.75 -466.50|
-611.73 80.75 -467.65|
-611.15 80.76 -468.81|
-610.57 80.76 -469.96|
-609.99 80.77 -471.12|
-609.42 80.77 -472.27|
-608.85 80.78 -473.41|
-608.28 80.79 -474.56|
-607.71 80.79 -475.70|
-607.14 80.80 -476.85|
-606.58 80.80 -477.99|
-606.02 80.81 -479.12|
-605.46 80.81 -480.26|
-604.91 80.82 -481.39|
-604.35 80.83 -482.52|
-603.80 80.83 -483.65|
-603.25 80.84 -484.78|
-602.70 80.84 -485.90|
-602.16 80.84 -487.03|
-601.62 80.85 -488.15|
-601.08 80.85 -489.27|
-600.54 80.86 -490.38|
-600.00 80.86 -491.50|
-599.47 80.86 -492.61|
-598.94 80.86 -493.72|
-598.82 80.86 -493.98|
</vertices>
</customField>
