<?xml version="1.0" encoding="utf-8" standalone="no"?>
<customField name="Squirrely Dude 4 (DirectorCut)">
    <vertices>
-566.07 119.44 1519.18|
-565.47 119.47 1519.21|
-564.85 119.51 1519.21|
-564.23 119.54 1519.20|
-563.58 119.58 1519.17|
-562.93 119.61 1519.12|
-562.26 119.65 1519.05|
-561.57 119.68 1518.97|
-560.88 119.71 1518.86|
-560.16 119.74 1518.74|
-559.44 119.77 1518.60|
-558.70 119.80 1518.45|
-557.95 119.83 1518.27|
-557.18 119.86 1518.08|
-556.40 119.88 1517.87|
-555.60 119.91 1517.64|
-554.79 119.93 1517.40|
-553.97 119.95 1517.13|
-553.14 119.98 1516.85|
-552.28 120.00 1516.55|
-551.42 120.02 1516.23|
-550.54 120.04 1515.90|
-549.65 120.06 1515.55|
-548.74 120.08 1515.17|
-547.83 120.10 1514.79|
-546.89 120.13 1514.38|
-545.94 120.15 1513.95|
-544.98 120.17 1513.51|
-544.01 120.19 1513.05|
-543.02 120.22 1512.57|
-542.02 120.24 1512.08|
-541.00 120.27 1511.56|
-539.97 120.29 1511.03|
-538.93 120.33 1510.48|
-537.87 120.36 1509.91|
-536.79 120.39 1509.32|
-535.71 120.43 1508.72|
-534.61 120.47 1508.10|
-533.50 120.51 1507.46|
-532.37 120.55 1506.80|
-531.23 120.59 1506.13|
-530.07 120.64 1505.43|
-528.90 120.69 1504.72|
-527.72 120.75 1503.99|
-526.52 120.80 1503.25|
-525.31 120.87 1502.48|
-524.09 120.93 1501.70|
-522.85 120.99 1500.90|
-521.60 121.06 1500.08|
-520.33 121.12 1499.24|
-519.05 121.19 1498.39|
-517.76 121.25 1497.52|
-516.45 121.32 1496.63|
-515.13 121.39 1495.72|
-513.79 121.46 1494.79|
-512.44 121.53 1493.85|
-511.08 121.60 1492.89|
-509.70 121.67 1491.91|
-508.31 121.74 1490.91|
-506.90 121.81 1489.90|
-505.49 121.87 1488.86|
-504.05 121.94 1487.81|
-502.61 121.99 1486.74|
-501.15 122.04 1485.66|
-499.67 122.09 1484.55|
-498.18 122.13 1483.43|
-496.68 122.17 1482.29|
-495.17 122.21 1481.13|
-493.64 122.25 1479.95|
-492.09 122.28 1478.76|
-490.54 122.30 1477.55|
-488.97 122.33 1476.32|
-487.38 122.34 1475.07|
-485.78 122.35 1473.80|
-484.19 122.36 1472.54|
-482.81 122.36 1471.56|
-481.44 122.35 1470.60|
-480.08 122.34 1469.65|
-478.72 122.32 1468.71|
-477.37 122.30 1467.77|
-476.03 122.27 1466.84|
-474.70 122.24 1465.93|
-473.38 122.21 1465.02|
-472.06 122.17 1464.12|
-470.75 122.13 1463.23|
-469.45 122.09 1462.35|
-468.15 122.04 1461.48|
-466.86 122.00 1460.62|
-465.58 121.96 1459.77|
-464.31 121.91 1458.92|
-463.04 121.87 1458.09|
-461.78 121.83 1457.26|
-460.53 121.78 1456.45|
-459.29 121.74 1455.64|
-458.05 121.70 1454.84|
-456.83 121.66 1454.05|
-455.60 121.61 1453.27|
-454.39 121.58 1452.50|
-453.18 121.54 1451.74|
-451.99 121.50 1450.99|
-450.79 121.47 1450.24|
-449.61 121.44 1449.51|
-448.43 121.41 1448.78|
-447.27 121.38 1448.07|
-446.10 121.35 1447.36|
-444.95 121.32 1446.66|
-443.80 121.29 1445.98|
-442.66 121.27 1445.30|
-441.53 121.24 1444.62|
-440.41 121.21 1443.96|
-439.29 121.19 1443.31|
-438.18 121.16 1442.67|
-437.08 121.13 1442.03|
-435.99 121.11 1441.41|
-434.90 121.09 1440.79|
-433.82 121.06 1440.19|
-432.75 121.04 1439.59|
-431.68 121.02 1439.00|
-430.63 121.01 1438.42|
-429.58 120.99 1437.85|
-429.01 120.98 1437.39|
-428.44 120.97 1436.93|
-427.86 120.96 1436.48|
-427.27 120.95 1436.04|
-426.68 120.94 1435.60|
-426.09 120.93 1435.18|
-425.49 120.93 1434.76|
-424.88 120.93 1434.34|
-424.27 120.92 1433.94|
-423.65 120.92 1433.54|
-423.03 120.92 1433.15|
-422.41 120.92 1432.77|
-421.77 120.92 1432.40|
-421.13 120.92 1432.03|
-420.49 120.92 1431.67|
-419.84 120.93 1431.32|
-419.19 120.93 1430.98|
-418.53 120.94 1430.64|
-417.86 120.94 1430.31|
-417.19 120.95 1429.99|
-416.52 120.96 1429.68|
-415.84 120.97 1429.37|
-415.15 120.98 1429.07|
-414.46 120.99 1428.78|
-413.76 121.00 1428.50|
-413.06 121.01 1428.22|
-412.35 121.02 1427.95|
-411.64 121.03 1427.69|
-410.92 121.04 1427.44|
-410.20 121.06 1427.19|
-409.47 121.07 1426.95|
-408.73 121.09 1426.72|
-407.99 121.11 1426.50|
-407.25 121.12 1426.28|
-406.50 121.14 1426.07|
-405.74 121.16 1425.87|
-404.98 121.19 1425.68|
-404.21 121.21 1425.49|
-403.44 121.24 1425.32|
-402.67 121.26 1425.15|
-401.88 121.29 1424.98|
-401.09 121.32 1424.83|
-400.30 121.35 1424.68|
-399.50 121.38 1424.54|
-398.70 121.42 1424.41|
-397.89 121.46 1424.28|
-397.07 121.50 1424.16|
-396.25 121.54 1424.05|
-395.43 121.58 1423.95|
-394.60 121.63 1423.86|
-393.76 121.68 1423.77|
-392.92 121.73 1423.69|
-392.07 121.78 1423.62|
-391.22 121.84 1423.55|
-390.36 121.90 1423.49|
-388.44 122.03 1423.63|
-386.52 122.18 1423.76|
-384.62 122.33 1423.90|
-382.72 122.48 1424.04|
-380.84 122.64 1424.19|
-378.97 122.80 1424.34|
-377.10 122.96 1424.49|
-375.25 123.11 1424.65|
-373.41 123.26 1424.81|
-371.58 123.40 1424.97|
-369.76 123.53 1425.14|
-367.94 123.66 1425.31|
-366.14 123.77 1425.48|
-364.35 123.88 1425.65|
-362.57 123.99 1425.83|
-360.80 124.09 1426.02|
-359.04 124.18 1426.20|
-357.29 124.26 1426.39|
-355.55 124.34 1426.59|
-353.82 124.41 1426.79|
-352.10 124.49 1426.99|
-350.39 124.55 1427.19|
-348.69 124.62 1427.40|
-347.01 124.68 1427.61|
-345.33 124.75 1427.82|
-343.66 124.81 1428.04|
-342.00 124.86 1428.26|
-340.35 124.92 1428.48|
-338.72 124.97 1428.71|
-337.09 125.02 1428.94|
-335.47 125.07 1429.18|
-333.87 125.10 1429.41|
-332.27 125.14 1429.66|
-330.68 125.16 1429.90|
-329.11 125.18 1430.15|
-327.54 125.20 1430.40|
-325.99 125.21 1430.65|
-324.44 125.21 1430.91|
-322.91 125.21 1431.17|
-321.38 125.20 1431.44|
-319.87 125.19 1431.71|
-318.37 125.17 1431.98|
-316.87 125.14 1432.25|
-315.39 125.11 1432.53|
-313.92 125.08 1432.82|
-312.45 125.04 1433.10|
-311.00 125.00 1433.39|
-309.56 124.96 1433.68|
-308.13 124.92 1433.98|
-306.45 124.87 1434.15|
-304.78 124.81 1434.34|
-303.14 124.74 1434.53|
-301.51 124.68 1434.73|
-299.90 124.61 1434.94|
-298.31 124.54 1435.16|
-296.74 124.47 1435.39|
-295.18 124.41 1435.63|
-293.64 124.35 1435.88|
-292.12 124.29 1436.14|
-290.68 124.23 1436.18|
-289.25 124.17 1436.24|
-287.83 124.11 1436.32|
-286.43 124.06 1436.42|
-285.04 124.00 1436.54|
-283.67 123.95 1436.68|
-282.31 123.90 1436.84|
-280.97 123.85 1437.02|
-279.65 123.81 1437.23|
-278.33 123.76 1437.45|
-277.04 123.72 1437.69|
-275.76 123.68 1437.95|
-274.49 123.64 1438.24|
-273.24 123.61 1438.54|
-272.00 123.58 1438.86|
-270.78 123.55 1439.21|
-269.57 123.52 1439.57|
-268.38 123.50 1439.95|
-267.20 123.49 1440.36|
-266.04 123.47 1440.78|
-264.90 123.47 1441.23|
-263.76 123.46 1441.69|
-262.65 123.46 1442.18|
-261.54 123.47 1442.68|
-260.46 123.48 1443.21|
-259.39 123.49 1443.76|
-258.33 123.51 1444.32|
-257.29 123.53 1444.91|
-256.26 123.55 1445.51|
-255.25 123.58 1446.14|
-254.25 123.61 1446.79|
-253.27 123.65 1447.46|
-252.30 123.69 1448.14|
-251.35 123.73 1448.85|
-250.41 123.78 1449.58|
-249.49 123.83 1450.33|
-248.58 123.88 1451.10|
-247.69 123.93 1451.89|
-246.81 123.98 1452.69|
-245.95 124.03 1453.52|
-245.10 124.09 1454.37|
-244.27 124.15 1455.24|
-243.45 124.20 1456.13|
-242.63 124.27 1457.16|
-241.82 124.33 1458.18|
-240.99 124.39 1459.20|
-240.17 124.46 1460.22|
-239.34 124.52 1461.24|
-238.51 124.59 1462.26|
-237.68 124.65 1463.28|
-236.84 124.72 1464.30|
-236.00 124.79 1465.32|
-235.16 124.86 1466.33|
-234.32 124.93 1467.35|
-233.47 125.01 1468.37|
-232.62 125.08 1469.38|
-231.76 125.15 1470.39|
-230.91 125.23 1471.41|
-230.05 125.31 1472.42|
-229.18 125.39 1473.43|
-228.32 125.47 1474.44|
-227.45 125.54 1475.45|
-226.58 125.63 1476.46|
-225.70 125.71 1477.46|
-224.82 125.79 1478.47|
-223.94 125.87 1479.48|
-223.06 125.96 1480.48|
-222.17 126.04 1481.49|
-221.28 126.13 1482.49|
-220.39 126.21 1483.49|
-219.49 126.29 1484.49|
-218.59 126.37 1485.50|
-217.69 126.44 1486.50|
-216.78 126.52 1487.50|
-215.88 126.60 1488.49|
-214.96 126.67 1489.49|
-214.05 126.74 1490.49|
-213.13 126.80 1491.49|
-212.21 126.87 1492.48|
-211.29 126.93 1493.48|
-210.82 126.96 1493.99|
-209.48 127.06 1495.17|
-208.16 127.15 1496.34|
-206.85 127.24 1497.49|
-205.56 127.32 1498.63|
-204.28 127.40 1499.75|
-203.01 127.47 1500.85|
-201.76 127.54 1501.93|
-200.52 127.60 1503.00|
-199.30 127.66 1504.05|
-198.08 127.71 1505.08|
-196.89 127.76 1506.09|
-195.70 127.80 1507.09|
-194.53 127.84 1508.07|
-193.37 127.87 1509.04|
-192.23 127.90 1509.99|
-191.10 127.93 1510.92|
-189.98 127.95 1511.83|
-188.88 127.97 1512.73|
-187.79 127.98 1513.61|
-186.71 127.99 1514.47|
-185.65 127.99 1515.31|
-184.60 127.99 1516.14|
-183.56 127.99 1516.95|
-182.54 127.99 1517.75|
-181.53 127.98 1518.52|
-180.54 127.96 1519.28|
-179.55 127.95 1520.03|
-178.59 127.92 1520.75|
-177.63 127.89 1521.46|
-176.69 127.86 1522.15|
-175.77 127.83 1522.83|
-174.85 127.80 1523.48|
-173.95 127.77 1524.13|
-173.07 127.74 1524.75|
-172.19 127.71 1525.36|
-171.33 127.67 1525.95|
-170.49 127.64 1526.52|
-169.66 127.61 1527.07|
-168.84 127.57 1527.61|
-168.03 127.54 1528.13|
-167.24 127.50 1528.64|
-166.46 127.47 1529.12|
-165.70 127.43 1529.59|
-165.10 127.40 1529.96|
-164.03 127.37 1530.34|
-162.96 127.34 1530.73|
-161.89 127.30 1531.12|
-160.82 127.26 1531.51|
-159.74 127.22 1531.90|
-158.66 127.18 1532.30|
-157.58 127.13 1532.69|
-156.50 127.08 1533.08|
-155.42 127.03 1533.48|
-154.34 126.98 1533.87|
-153.25 126.92 1534.27|
-152.16 126.86 1534.67|
-151.07 126.80 1535.07|
-149.98 126.73 1535.47|
-148.89 126.66 1535.87|
-147.80 126.59 1536.27|
-146.70 126.52 1536.67|
-145.60 126.44 1537.07|
-144.50 126.37 1537.48|
-143.40 126.29 1537.88|
-142.30 126.21 1538.29|
-141.19 126.13 1538.70|
-140.09 126.04 1539.11|
-138.98 125.95 1539.52|
-137.87 125.86 1539.93|
-136.76 125.77 1540.34|
-135.65 125.68 1540.75|
-134.53 125.59 1541.16|
-133.42 125.49 1541.58|
-132.30 125.39 1541.99|
-131.18 125.29 1542.41|
-130.06 125.19 1542.82|
-128.93 125.09 1543.24|
-127.81 124.98 1543.66|
-126.68 124.88 1544.08|
-125.55 124.77 1544.50|
-124.42 124.66 1544.92|
-123.29 124.55 1545.34|
-122.16 124.44 1545.77|
-121.02 124.33 1546.19|
-119.88 124.21 1546.61|
-118.75 124.10 1547.04|
-117.61 123.98 1547.47|
-116.46 123.86 1547.90|
-115.32 123.74 1548.32|
-114.17 123.62 1548.75|
-113.03 123.50 1549.19|
-111.88 123.38 1549.62|
-110.73 123.25 1550.05|
-109.58 123.13 1550.48|
-108.42 123.01 1550.92|
-107.27 122.88 1551.35|
-106.11 122.76 1551.79|
-104.95 122.64 1552.23|
-103.79 122.51 1552.67|
-102.63 122.39 1553.10|
-101.46 122.26 1553.54|
-100.30 122.14 1553.99|
-99.13 122.02 1554.43|
-97.96 121.90 1554.87|
-96.79 121.78 1555.32|
-95.62 121.66 1555.76|
-94.44 121.54 1556.21|
-93.27 121.42 1556.65|
-92.09 121.30 1557.10|
-90.91 121.19 1557.55|
-89.73 121.08 1558.00|
-88.54 120.97 1558.45|
-87.36 120.86 1558.90|
-86.17 120.75 1559.35|
-84.98 120.65 1559.81|
-83.80 120.54 1560.26|
-82.60 120.44 1560.72|
-81.41 120.34 1561.17|
-80.22 120.24 1561.63|
-79.02 120.15 1562.09|
-77.82 120.05 1562.55|
-76.62 119.96 1563.01|
-75.42 119.87 1563.47|
-74.22 119.78 1563.93|
-73.01 119.70 1564.39|
-71.80 119.61 1564.86|
-70.60 119.53 1565.32|
-69.39 119.45 1565.79|
-68.17 119.37 1566.25|
-66.96 119.29 1566.72|
-65.74 119.22 1567.19|
-64.53 119.14 1567.66|
-63.31 119.07 1568.13|
-62.09 119.00 1568.60|
-60.87 118.92 1569.07|
-59.64 118.85 1569.55|
-58.42 118.78 1570.02|
-57.19 118.72 1570.49|
-55.96 118.65 1570.97|
-54.73 118.59 1571.45|
-53.50 118.52 1571.93|
-52.26 118.46 1572.40|
-51.03 118.40 1572.88|
-49.79 118.34 1573.37|
-48.55 118.28 1573.85|
-47.31 118.22 1574.33|
-46.07 118.16 1574.81|
-44.82 118.11 1575.30|
-43.58 118.05 1575.78|
-42.33 118.00 1576.27|
-41.08 117.95 1576.76|
-39.83 117.90 1577.24|
-38.58 117.85 1577.73|
-37.32 117.81 1578.22|
-36.02 117.76 1578.80|
-34.72 117.72 1579.38|
-33.42 117.69 1579.95|
-32.12 117.65 1580.52|
-30.82 117.63 1581.10|
-29.53 117.60 1581.66|
-28.23 117.58 1582.23|
-26.94 117.56 1582.80|
-25.65 117.55 1583.36|
-24.36 117.54 1583.93|
-23.07 117.54 1584.49|
-21.78 117.54 1585.05|
-20.49 117.54 1585.60|
-19.21 117.54 1586.16|
-17.92 117.55 1586.72|
-16.64 117.56 1587.27|
-15.36 117.57 1587.82|
-14.08 117.59 1588.37|
-12.80 117.61 1588.92|
-11.52 117.63 1589.47|
-10.24 117.66 1590.01|
-8.97 117.69 1590.55|
-7.69 117.72 1591.10|
-6.42 117.75 1591.64|
-5.15 117.79 1592.18|
-3.88 117.83 1592.71|
-2.61 117.87 1593.25|
-1.34 117.92 1593.78|
-0.08 117.96 1594.31|
1.19 118.01 1594.84|
2.45 118.06 1595.37|
3.71 118.11 1595.90|
4.98 118.16 1596.43|
6.23 118.21 1596.95|
7.49 118.27 1597.47|
8.75 118.32 1597.99|
10.01 118.38 1598.51|
11.26 118.45 1599.03|
12.51 118.51 1599.55|
13.77 118.57 1600.06|
15.02 118.64 1600.57|
16.27 118.70 1601.08|
17.51 118.77 1601.59|
18.76 118.84 1602.10|
20.01 118.91 1602.61|
21.25 118.99 1603.11|
22.49 119.06 1603.62|
23.73 119.13 1604.12|
24.97 119.20 1604.62|
26.21 119.27 1605.12|
27.45 119.34 1605.61|
28.69 119.41 1606.11|
29.92 119.47 1606.60|
31.16 119.54 1607.09|
32.39 119.60 1607.58|
33.62 119.66 1608.07|
34.85 119.72 1608.56|
36.08 119.78 1609.04|
37.31 119.83 1609.53|
38.53 119.88 1610.01|
40.08 119.95 1610.77|
41.62 120.01 1611.52|
43.13 120.06 1612.25|
44.64 120.11 1612.96|
46.12 120.16 1613.67|
47.60 120.20 1614.35|
49.05 120.23 1615.02|
50.49 120.27 1615.68|
51.92 120.29 1616.32|
53.33 120.32 1616.95|
54.72 120.33 1617.56|
56.10 120.35 1618.16|
57.46 120.36 1618.74|
58.81 120.37 1619.31|
60.14 120.38 1619.86|
61.45 120.38 1620.39|
62.75 120.38 1620.92|
64.04 120.38 1621.42|
65.31 120.38 1621.91|
66.56 120.38 1622.39|
67.80 120.37 1622.85|
69.02 120.36 1623.30|
70.22 120.36 1623.73|
71.41 120.35 1624.15|
72.59 120.34 1624.55|
73.75 120.33 1624.94|
74.89 120.32 1625.31|
76.02 120.31 1625.67|
77.13 120.30 1626.01|
78.23 120.30 1626.34|
79.31 120.29 1626.65|
80.38 120.28 1626.94|
81.43 120.28 1627.23|
82.46 120.27 1627.49|
83.48 120.27 1627.75|
84.48 120.27 1627.98|
85.47 120.27 1628.20|
86.44 120.27 1628.41|
87.40 120.27 1628.60|
88.34 120.27 1628.78|
89.26 120.27 1628.94|
90.18 120.28 1628.97|
91.10 120.28 1628.98|
92.02 120.29 1628.99|
92.95 120.29 1628.98|
93.89 120.30 1628.96|
94.83 120.31 1628.93|
95.78 120.32 1628.89|
96.73 120.33 1628.84|
97.69 120.34 1628.78|
98.66 120.35 1628.71|
99.63 120.36 1628.63|
100.61 120.38 1628.53|
101.59 120.39 1628.43|
102.58 120.40 1628.31|
103.58 120.41 1628.19|
104.58 120.43 1628.05|
105.58 120.44 1627.90|
106.59 120.45 1627.75|
107.61 120.46 1627.58|
108.64 120.46 1627.40|
109.66 120.47 1627.21|
110.70 120.48 1627.00|
111.74 120.49 1626.79|
112.79 120.50 1626.57|
113.84 120.51 1626.34|
114.90 120.52 1626.09|
115.96 120.53 1625.84|
117.03 120.54 1625.57|
118.10 120.55 1625.29|
119.19 120.56 1625.01|
120.27 120.58 1624.71|
121.36 120.59 1624.40|
122.46 120.60 1624.08|
123.57 120.61 1623.75|
124.68 120.63 1623.41|
125.79 120.64 1623.06|
126.91 120.65 1622.69|
128.04 120.67 1622.32|
129.17 120.68 1621.93|
130.31 120.69 1621.54|
131.46 120.71 1621.13|
132.87 120.73 1620.44|
134.28 120.74 1619.74|
135.69 120.76 1619.05|
137.08 120.76 1618.36|
138.46 120.77 1617.67|
139.84 120.76 1616.99|
141.21 120.76 1616.30|
142.56 120.75 1615.62|
143.91 120.74 1614.94|
145.26 120.72 1614.27|
146.59 120.70 1613.60|
147.91 120.67 1612.92|
149.23 120.65 1612.26|
150.54 120.62 1611.59|
151.84 120.59 1610.92|
153.13 120.57 1610.26|
154.41 120.54 1609.60|
155.69 120.51 1608.95|
156.95 120.48 1608.29|
158.21 120.45 1607.64|
159.46 120.42 1606.99|
160.70 120.40 1606.34|
161.93 120.37 1605.69|
163.15 120.34 1605.05|
164.37 120.31 1604.41|
165.58 120.29 1603.77|
166.77 120.26 1603.14|
167.96 120.24 1602.50|
169.14 120.22 1601.87|
170.32 120.20 1601.24|
171.48 120.18 1600.61|
172.64 120.16 1599.99|
173.78 120.15 1599.37|
174.92 120.14 1598.75|
176.05 120.12 1598.13|
177.17 120.11 1597.52|
178.29 120.11 1596.90|
179.39 120.10 1596.29|
180.49 120.09 1595.68|
181.58 120.09 1595.08|
182.66 120.09 1594.48|
183.73 120.09 1593.87|
184.79 120.10 1593.28|
185.84 120.10 1592.68|
186.89 120.11 1592.09|
187.93 120.12 1591.49|
188.95 120.13 1590.90|
189.97 120.14 1590.32|
190.99 120.16 1589.73|
191.99 120.17 1589.15|
192.98 120.19 1588.57|
193.97 120.21 1587.99|
194.95 120.24 1587.42|
195.92 120.26 1586.84|
196.88 120.29 1586.27|
197.83 120.31 1585.70|
198.77 120.34 1585.14|
199.71 120.37 1584.58|
200.34 120.39 1584.20|
202.21 120.46 1583.08|
204.05 120.52 1581.99|
205.87 120.59 1580.92|
207.66 120.67 1579.88|
209.43 120.74 1578.85|
211.17 120.82 1577.86|
212.89 120.90 1576.88|
214.58 120.98 1575.92|
216.25 121.06 1574.99|
217.89 121.14 1574.08|
219.51 121.21 1573.20|
221.10 121.28 1572.33|
222.67 121.35 1571.49|
224.21 121.42 1570.68|
225.73 121.48 1569.88|
227.22 121.54 1569.11|
228.69 121.59 1568.36|
230.13 121.65 1567.63|
231.55 121.70 1566.93|
232.95 121.74 1566.24|
234.31 121.79 1565.59|
235.66 121.83 1564.95|
236.97 121.87 1564.34|
238.27 121.91 1563.75|
239.53 121.94 1563.18|
240.78 121.97 1562.63|
242.00 121.99 1562.11|
243.19 122.02 1561.61|
244.36 122.04 1561.13|
245.50 122.06 1560.68|
246.62 122.07 1560.25|
247.71 122.08 1559.84|
248.78 122.09 1559.45|
249.82 122.10 1559.09|
250.84 122.10 1558.75|
251.83 122.10 1558.43|
252.80 122.10 1558.14|
253.74 122.10 1557.86|
254.66 122.09 1557.62|
255.55 122.08 1557.39|
256.42 122.07 1557.18|
257.26 122.05 1557.00|
258.08 122.04 1556.84|
258.87 122.02 1556.71|
259.64 122.00 1556.60|
260.27 121.99 1556.49|
260.91 121.97 1556.39|
261.56 121.96 1556.30|
262.21 121.94 1556.21|
262.87 121.92 1556.14|
263.54 121.91 1556.07|
264.22 121.89 1556.01|
264.90 121.87 1555.96|
265.59 121.85 1555.92|
266.29 121.82 1555.89|
266.99 121.80 1555.86|
267.71 121.78 1555.85|
268.43 121.75 1555.84|
269.15 121.73 1555.84|
269.89 121.70 1555.85|
270.63 121.67 1555.86|
271.38 121.64 1555.89|
272.14 121.61 1555.92|
272.90 121.58 1555.96|
273.68 121.55 1556.01|
274.46 121.52 1556.07|
275.24 121.49 1556.14|
276.04 121.46 1556.21|
276.84 121.42 1556.30|
277.65 121.39 1556.39|
278.46 121.35 1556.49|
279.29 121.32 1556.60|
280.12 121.28 1556.71|
280.96 121.24 1556.84|
281.80 121.20 1556.97|
282.66 121.16 1557.11|
283.52 121.12 1557.26|
284.39 121.08 1557.42|
285.26 121.04 1557.59|
286.02 121.00 1557.76|
286.79 120.96 1557.94|
287.56 120.92 1558.13|
288.34 120.88 1558.33|
289.13 120.84 1558.53|
289.93 120.80 1558.74|
290.73 120.76 1558.96|
291.54 120.72 1559.18|
292.35 120.67 1559.41|
293.18 120.63 1559.65|
294.01 120.59 1559.89|
294.84 120.54 1560.14|
295.69 120.49 1560.39|
296.54 120.45 1560.66|
297.40 120.40 1560.93|
298.26 120.35 1561.20|
299.13 120.30 1561.49|
300.01 120.25 1561.78|
300.90 120.19 1562.07|
301.79 120.13 1562.38|
302.69 120.10 1562.69|
303.60 120.05 1563.00|
304.51 120.00 1563.33|
305.44 119.95 1563.66|
306.36 119.90 1563.99|
307.30 119.81 1564.34|
308.44 119.77 1564.99|
309.58 119.69 1565.63|
310.73 119.58 1566.28|
311.87 119.53 1566.93|
313.02 119.47 1567.58|
314.16 119.36 1568.22|
315.31 119.21 1568.87|
316.45 119.26 1569.52|
317.60 119.17 1570.16|
318.75 119.00 1570.81|
319.90 119.08 1571.45|
321.05 119.02 1572.09|
322.20 118.93 1572.73|
323.35 118.89 1573.38|
324.51 118.90 1574.02|
325.66 118.82 1574.66|
326.81 118.82 1575.30|
327.97 118.77 1575.94|
329.12 118.66 1576.58|
330.28 118.71 1577.21|
331.43 118.67 1577.85|
332.59 118.65 1578.49|
333.75 118.62 1579.13|
334.91 118.59 1579.76|
336.07 118.57 1580.40|
337.23 118.56 1581.03|
338.39 118.54 1581.67|
339.55 118.52 1582.30|
340.72 118.51 1582.93|
341.88 118.50 1583.57|
343.04 118.49 1584.20|
344.21 118.48 1584.83|
345.37 118.47 1585.46|
346.54 118.47 1586.09|
347.71 118.47 1586.72|
348.87 118.47 1587.35|
350.04 118.47 1587.98|
351.21 118.47 1588.60|
352.38 118.47 1589.23|
353.55 118.47 1589.86|
354.72 118.48 1590.48|
355.90 118.48 1591.11|
357.07 118.49 1591.73|
358.24 118.50 1592.36|
359.42 118.50 1592.98|
360.59 118.51 1593.61|
361.77 118.51 1594.23|
362.95 118.52 1594.85|
364.12 118.53 1595.47|
365.30 118.54 1596.09|
366.48 118.55 1596.71|
367.66 118.56 1597.33|
368.84 118.57 1597.95|
370.02 118.58 1598.57|
371.20 118.59 1599.19|
372.39 118.60 1599.80|
374.49 118.63 1601.07|
376.56 118.66 1602.30|
378.58 118.69 1603.51|
380.57 118.72 1604.69|
382.51 118.76 1605.84|
384.42 118.81 1606.96|
386.29 118.86 1608.06|
388.11 118.90 1609.13|
389.90 118.95 1610.17|
391.65 118.99 1611.18|
393.36 119.04 1612.16|
395.03 119.09 1613.12|
396.66 119.14 1614.05|
398.26 119.19 1614.95|
399.81 119.25 1615.82|
401.32 119.31 1616.66|
402.79 119.37 1617.48|
404.23 119.43 1618.26|
405.62 119.49 1619.02|
406.98 119.55 1619.76|
408.30 119.61 1620.46|
409.57 119.68 1621.14|
410.81 119.74 1621.79|
412.01 119.81 1622.41|
413.17 119.88 1623.00|
414.28 119.94 1623.56|
415.36 120.01 1624.10|
416.40 120.07 1624.61|
417.40 120.14 1625.09|
418.37 120.20 1625.54|
419.29 120.27 1625.96|
420.17 120.33 1626.36|
421.01 120.39 1626.73|
421.82 120.45 1627.07|
422.58 120.50 1627.38|
423.31 120.55 1627.67|
423.99 120.60 1627.92|
424.64 120.65 1628.15|
425.25 120.70 1628.35|
425.81 120.74 1628.53|
426.47 120.79 1628.71|
427.13 120.84 1628.87|
427.78 120.89 1629.03|
428.43 120.94 1629.18|
429.08 120.99 1629.31|
429.73 121.04 1629.43|
430.37 121.09 1629.55|
431.02 121.13 1629.65|
431.66 121.18 1629.74|
432.30 121.23 1629.82|
432.93 121.28 1629.89|
433.57 121.32 1629.94|
434.20 121.37 1629.99|
434.83 121.41 1630.03|
435.46 121.46 1630.05|
436.09 121.50 1630.07|
436.71 121.55 1630.07|
437.33 121.59 1630.06|
437.95 121.64 1630.04|
438.57 121.68 1630.01|
439.19 121.72 1629.97|
439.80 121.76 1629.92|
440.41 121.80 1629.86|
441.02 121.84 1629.78|
441.63 121.88 1629.70|
442.23 121.92 1629.60|
442.83 121.96 1629.50|
443.44 121.99 1629.38|
444.03 122.03 1629.25|
444.63 122.06 1629.11|
445.23 122.10 1628.96|
445.82 122.13 1628.80|
446.41 122.16 1628.63|
447.00 122.19 1628.44|
447.58 122.22 1628.25|
448.17 122.25 1628.05|
448.75 122.28 1627.83|
449.33 122.30 1627.60|
449.91 122.33 1627.36|
450.48 122.35 1627.11|
451.05 122.38 1626.85|
451.63 122.40 1626.58|
452.19 122.42 1626.30|
452.76 122.44 1626.01|
453.33 122.46 1625.71|
453.89 122.48 1625.39|
454.45 122.49 1625.06|
455.01 122.51 1624.73|
455.57 122.52 1624.38|
456.12 122.53 1624.02|
456.67 122.54 1623.65|
457.16 122.55 1623.26|
457.65 122.56 1622.87|
458.13 122.57 1622.46|
458.62 122.58 1622.03|
459.10 122.58 1621.60|
459.59 122.59 1621.15|
460.07 122.60 1620.70|
460.55 122.60 1620.23|
461.03 122.61 1619.75|
461.50 122.61 1619.26|
461.98 122.62 1618.76|
462.46 122.62 1618.24|
462.93 122.62 1617.71|
463.41 122.63 1617.18|
463.88 122.63 1616.63|
464.35 122.63 1616.07|
464.82 122.63 1615.49|
465.29 122.63 1614.91|
465.76 122.63 1614.32|
466.22 122.63 1613.71|
466.69 122.63 1613.09|
467.15 122.63 1612.46|
467.62 122.63 1611.82|
468.08 122.63 1611.16|
468.54 122.63 1610.50|
469.00 122.63 1609.82|
469.46 122.62 1609.14|
469.91 122.62 1608.44|
470.37 122.62 1607.72|
470.83 122.61 1607.00|
471.04 122.61 1606.19|
471.26 122.61 1605.37|
471.48 122.60 1604.53|
471.71 122.60 1603.69|
471.94 122.60 1602.85|
472.17 122.59 1601.99|
472.40 122.59 1601.12|
472.64 122.59 1600.25|
472.88 122.58 1599.37|
473.13 122.58 1598.47|
473.37 122.58 1597.57|
473.62 122.57 1596.66|
473.87 122.57 1595.75|
474.13 122.57 1594.82|
474.39 122.56 1593.89|
474.65 122.56 1592.94|
474.92 122.56 1591.99|
475.18 122.55 1591.03|
475.46 122.55 1590.06|
475.73 122.54 1589.08|
476.01 122.53 1588.09|
476.29 122.52 1587.10|
476.57 122.51 1586.09|
476.86 122.50 1585.08|
477.15 122.49 1584.06|
477.44 122.47 1583.03|
477.73 122.46 1581.99|
478.03 122.44 1580.94|
478.33 122.42 1579.89|
478.64 122.39 1578.82|
478.95 122.37 1577.75|
479.26 122.35 1576.67|
479.57 122.32 1575.58|
479.89 122.29 1574.48|
480.21 122.26 1573.37|
480.53 122.23 1572.25|
480.86 122.20 1571.13|
481.19 122.16 1569.99|
481.52 122.13 1568.85|
481.85 122.09 1567.70|
482.19 122.05 1566.54|
482.53 122.01 1565.37|
482.88 121.96 1564.19|
483.23 121.92 1563.01|
483.58 121.87 1561.81|
483.93 121.83 1560.61|
484.29 121.78 1559.40|
484.65 121.73 1558.18|
485.01 121.68 1556.95|
485.37 121.63 1555.71|
485.74 121.57 1554.46|
486.12 121.52 1553.21|
486.49 121.47 1551.94|
486.87 121.42 1550.67|
487.25 121.37 1549.39|
487.63 121.32 1548.10|
488.02 121.27 1546.80|
488.41 121.22 1545.49|
488.80 121.18 1544.18|
489.20 121.14 1542.85|
489.60 121.10 1541.52|
490.00 121.06 1540.18|
490.41 121.02 1538.83|
490.82 120.99 1537.47|
491.23 120.97 1536.10|
491.64 120.94 1534.73|
492.06 120.92 1533.34|
492.48 120.90 1531.95|
492.90 120.89 1530.54|
493.33 120.88 1529.13|
493.76 120.88 1527.71|
494.19 120.87 1526.29|
494.63 120.87 1524.85|
495.07 120.89 1523.40|
495.51 120.90 1521.95|
495.96 120.92 1520.49|
496.40 120.95 1519.01|
496.86 120.98 1517.53|
497.31 121.02 1516.05|
497.77 121.06 1514.55|
498.23 121.11 1513.04|
498.69 121.17 1511.53|
499.16 121.24 1510.00|
499.63 121.31 1508.47|
500.10 121.39 1506.93|
500.57 121.46 1505.38|
501.05 121.54 1503.82|
501.54 121.65 1502.26|
502.02 121.74 1500.68|
502.51 121.84 1499.10|
503.00 121.95 1497.50|
503.49 122.08 1495.90|
503.99 122.19 1494.29|
504.49 122.31 1492.67|
504.99 122.44 1491.05|
505.50 122.57 1489.41|
506.01 122.72 1487.77|
506.52 122.86 1486.11|
507.04 123.01 1484.45|
507.55 123.15 1482.78|
508.08 123.28 1481.10|
508.60 123.42 1479.41|
509.13 123.56 1477.72|
509.66 123.69 1476.01|
510.19 123.83 1474.30|
510.38 123.89 1473.58|
510.56 123.95 1472.87|
510.73 124.00 1472.15|
510.89 124.06 1471.42|
511.04 124.12 1470.70|
511.18 124.17 1469.96|
511.31 124.22 1469.23|
511.43 124.26 1468.49|
511.54 124.30 1467.75|
511.64 124.34 1467.00|
511.74 124.39 1466.25|
511.82 124.42 1465.50|
511.89 124.46 1464.74|
511.95 124.50 1463.98|
512.00 124.53 1463.21|
512.04 124.57 1462.44|
512.08 124.60 1461.67|
512.10 124.63 1460.89|
512.11 124.65 1460.11|
512.11 124.67 1459.33|
512.10 124.69 1458.54|
512.09 124.71 1457.75|
512.06 124.71 1456.95|
512.02 124.72 1456.16|
511.98 124.73 1455.35|
511.92 124.73 1454.55|
511.85 124.73 1453.74|
511.78 124.72 1452.92|
511.69 124.70 1452.10|
511.59 124.69 1451.28|
511.49 124.67 1450.46|
511.37 124.65 1449.63|
511.25 124.62 1448.80|
511.11 124.60 1447.96|
510.97 124.57 1447.12|
510.81 124.54 1446.28|
510.65 124.50 1445.43|
510.47 124.46 1444.58|
510.29 124.42 1443.72|
510.09 124.36 1442.87|
509.89 124.29 1442.00|
509.67 124.21 1441.14|
509.48 124.16 1440.62|
509.27 124.11 1440.10|
509.06 124.05 1439.56|
508.84 123.99 1439.02|
508.61 123.92 1438.47|
508.36 123.86 1437.91|
508.11 123.79 1437.34|
507.85 123.71 1436.77|
507.58 123.63 1436.18|
507.30 123.55 1435.58|
507.01 123.47 1434.98|
506.71 123.38 1434.37|
506.40 123.29 1433.75|
506.08 123.19 1433.12|
505.76 123.10 1432.48|
505.42 123.00 1431.83|
505.07 122.89 1431.18|
504.71 122.78 1430.51|
504.35 122.68 1429.84|
503.97 122.56 1429.16|
503.58 122.45 1428.46|
503.19 122.33 1427.76|
502.78 122.21 1427.06|
502.37 122.09 1426.34|
501.94 121.96 1425.61|
501.51 121.83 1424.88|
501.07 121.70 1424.13|
500.61 121.57 1423.38|
500.15 121.44 1422.62|
499.68 121.30 1421.85|
499.19 121.17 1421.07|
498.70 121.03 1420.28|
498.20 120.89 1419.48|
497.69 120.75 1418.68|
497.17 120.62 1417.86|
495.95 120.35 1416.46|
494.74 120.10 1415.07|
493.54 119.86 1413.68|
492.35 119.63 1412.30|
491.16 119.42 1410.92|
489.99 119.21 1409.56|
488.82 119.02 1408.20|
487.65 118.84 1406.84|
486.50 118.68 1405.50|
485.35 118.53 1404.16|
484.21 118.39 1402.82|
483.08 118.27 1401.50|
481.95 118.16 1400.18|
480.83 118.06 1398.87|
479.73 117.98 1397.56|
478.62 117.90 1396.26|
477.53 117.84 1394.97|
476.44 117.79 1393.69|
475.36 117.75 1392.41|
474.29 117.72 1391.14|
473.23 117.71 1389.88|
472.17 117.71 1388.62|
471.12 117.72 1387.37|
470.08 117.74 1386.13|
469.05 117.78 1384.90|
468.02 117.82 1383.67|
467.00 117.88 1382.45|
465.99 117.95 1381.23|
464.99 118.02 1380.02|
464.00 118.11 1378.82|
463.01 118.21 1377.63|
462.03 118.31 1376.44|
461.05 118.43 1375.26|
460.09 118.55 1374.09|
459.13 118.69 1372.92|
458.18 118.83 1371.76|
457.24 118.98 1370.61|
456.31 119.14 1369.47|
455.38 119.30 1368.33|
454.46 119.47 1367.20|
453.55 119.65 1366.07|
452.65 119.84 1364.96|
451.75 120.02 1363.85|
450.86 120.22 1362.74|
449.98 120.42 1361.65|
449.11 120.63 1360.56|
448.24 120.84 1359.48|
447.38 121.05 1358.40|
446.53 121.26 1357.33|
445.69 121.48 1356.27|
444.85 121.69 1355.22|
443.75 121.94 1354.08|
442.67 122.20 1352.94|
441.61 122.45 1351.80|
440.56 122.69 1350.66|
439.53 122.93 1349.53|
438.51 123.16 1348.39|
437.51 123.38 1347.26|
436.53 123.59 1346.13|
435.57 123.80 1344.99|
434.62 124.00 1343.86|
433.69 124.20 1342.73|
432.78 124.38 1341.61|
431.88 124.56 1340.48|
431.00 124.72 1339.35|
430.14 124.88 1338.23|
429.28 125.01 1337.38|
428.45 125.13 1336.52|
427.63 125.25 1335.65|
426.82 125.37 1334.77|
426.03 125.48 1333.88|
425.26 125.59 1332.98|
424.50 125.70 1332.07|
423.75 125.80 1331.15|
423.02 125.90 1330.23|
422.31 126.00 1329.29|
421.61 126.10 1328.34|
420.92 126.20 1327.38|
420.18 126.27 1326.70|
419.45 126.34 1325.99|
418.74 126.40 1325.27|
418.04 126.47 1324.53|
417.37 126.54 1323.77|
416.71 126.61 1323.00|
416.07 126.68 1322.20|
415.45 126.74 1321.39|
414.85 126.81 1320.56|
414.27 126.88 1319.71|
413.70 126.94 1318.84|
413.15 127.01 1317.95|
412.62 127.08 1317.05|
412.11 127.14 1316.12|
411.61 127.21 1315.18|
411.13 127.27 1314.22|
410.68 127.33 1313.25|
410.24 127.39 1312.25|
409.81 127.45 1311.24|
409.41 127.51 1310.20|
409.26 127.58 1308.98|
409.12 127.64 1307.75|
408.98 127.71 1306.52|
408.85 127.77 1305.28|
408.72 127.83 1304.03|
408.59 127.88 1302.78|
408.46 127.93 1301.52|
408.34 127.98 1300.25|
408.21 128.02 1298.97|
408.09 128.06 1297.69|
407.98 128.09 1296.40|
407.86 128.12 1295.11|
407.75 128.15 1293.81|
407.65 128.17 1292.50|
407.54 128.19 1291.19|
407.44 128.20 1289.86|
407.34 128.22 1288.54|
407.24 128.23 1287.20|
407.15 128.23 1285.86|
407.06 128.23 1284.51|
406.97 128.22 1283.16|
406.88 128.22 1281.80|
406.80 128.21 1280.43|
406.72 128.19 1279.05|
406.64 128.17 1277.67|
406.56 128.15 1276.28|
406.49 128.13 1274.89|
406.42 128.10 1273.49|
406.35 128.06 1272.08|
406.29 128.02 1270.66|
406.23 127.98 1269.24|
406.17 127.94 1267.81|
406.11 127.88 1266.38|
405.80 127.82 1265.07|
405.44 127.74 1263.78|
405.05 127.67 1262.52|
404.63 127.59 1261.28|
404.16 127.51 1260.08|
403.66 127.42 1258.89|
403.12 127.32 1257.74|
402.54 127.22 1256.61|
401.93 127.12 1255.50|
401.28 127.01 1254.42|
400.59 126.90 1253.37|
399.86 126.78 1252.34|
399.10 126.66 1251.34|
398.29 126.54 1250.37|
397.46 126.41 1249.42|
396.58 126.28 1248.50|
395.67 126.15 1247.60|
394.72 126.01 1246.73|
393.73 125.87 1245.89|
392.75 125.75 1245.31|
391.78 125.62 1244.72|
390.80 125.50 1244.13|
389.82 125.37 1243.53|
388.85 125.24 1242.93|
387.87 125.11 1242.32|
386.90 124.98 1241.71|
385.92 124.85 1241.09|
384.94 124.72 1240.47|
383.97 124.59 1239.84|
382.99 124.46 1239.21|
382.01 124.33 1238.57|
381.03 124.20 1237.92|
380.06 124.07 1237.27|
379.08 123.94 1236.62|
378.10 123.82 1235.95|
377.12 123.70 1235.29|
376.14 123.58 1234.62|
375.17 123.46 1233.94|
374.19 123.34 1233.25|
373.21 123.23 1232.57|
372.23 123.12 1231.87|
371.25 123.02 1231.17|
370.27 122.91 1230.47|
369.29 122.81 1229.76|
368.31 122.72 1229.04|
367.33 122.63 1228.32|
366.35 122.54 1227.59|
365.37 122.46 1226.86|
364.39 122.39 1226.13|
363.41 122.32 1225.38|
362.43 122.25 1224.63|
361.45 122.18 1223.88|
360.47 122.13 1223.12|
359.49 122.08 1222.36|
357.80 122.01 1220.94|
356.13 121.95 1219.54|
354.47 121.92 1218.15|
352.84 121.90 1216.76|
351.22 121.90 1215.39|
349.62 121.91 1214.02|
348.04 121.94 1212.67|
346.47 121.99 1211.32|
344.93 122.04 1209.99|
343.40 122.11 1208.66|
341.89 122.20 1207.34|
340.40 122.29 1206.03|
338.92 122.40 1204.74|
337.47 122.51 1203.45|
336.03 122.63 1202.17|
334.61 122.76 1200.90|
333.20 122.90 1199.64|
331.82 123.05 1198.39|
330.45 123.20 1197.15|
329.10 123.35 1195.92|
327.77 123.51 1194.69|
326.46 123.68 1193.48|
325.16 123.84 1192.28|
323.88 124.00 1191.09|
322.62 124.16 1189.90|
321.38 124.32 1188.73|
320.16 124.48 1187.56|
318.95 124.63 1186.41|
317.40 124.79 1185.14|
315.87 124.93 1183.87|
314.38 125.07 1182.62|
312.92 125.20 1181.38|
311.48 125.33 1180.16|
310.08 125.45 1178.94|
308.70 125.56 1177.73|
307.36 125.68 1176.54|
306.05 125.78 1175.36|
304.76 125.88 1174.19|
303.51 125.98 1173.03|
302.28 126.07 1171.88|
301.09 126.16 1170.74|
299.92 126.25 1169.61|
298.79 126.33 1168.50|
297.68 126.41 1167.40|
296.61 126.49 1166.30|
295.28 126.53 1165.29|
293.99 126.57 1164.28|
292.75 126.61 1163.27|
291.56 126.65 1162.26|
290.41 126.70 1161.26|
289.31 126.74 1160.27|
288.25 126.79 1159.28|
287.24 126.84 1158.29|
286.28 126.89 1157.31|
285.36 126.95 1156.33|
284.49 127.01 1155.35|
283.67 127.07 1154.38|
282.89 127.13 1153.41|
282.16 127.19 1152.45|
281.47 127.26 1151.49|
280.83 127.33 1150.54|
280.24 127.40 1149.59|
279.69 127.48 1148.64|
279.19 127.55 1147.70|
278.73 127.63 1146.76|
278.32 127.71 1145.83|
277.96 127.80 1144.90|
277.64 127.89 1143.97|
277.37 127.98 1143.05|
277.14 128.08 1142.13|
276.96 128.18 1141.22|
276.83 128.28 1140.31|
276.74 128.38 1139.40|
276.70 128.49 1138.50|
276.71 128.61 1137.60|
276.76 128.72 1136.71|
276.86 128.84 1135.82|
277.00 128.96 1134.93|
277.19 129.08 1134.05|
277.43 129.21 1133.17|
277.71 129.35 1132.30|
278.04 129.49 1131.43|
278.41 129.63 1130.57|
278.83 129.78 1129.71|
278.96 129.82 1129.47|
279.05 129.85 1129.26|
279.12 129.91 1128.78|
279.53 130.12 1127.15|
279.92 130.32 1125.54|
280.29 130.50 1123.95|
280.63 130.67 1122.38|
280.96 130.83 1120.84|
281.26 130.97 1119.31|
281.53 131.10 1117.80|
281.79 131.22 1116.32|
282.02 131.33 1114.85|
282.23 131.42 1113.41|
282.42 131.50 1111.98|
282.59 131.58 1110.58|
282.73 131.64 1109.20|
282.85 131.69 1107.84|
282.95 131.73 1106.49|
283.02 131.76 1105.17|
283.08 131.79 1103.87|
283.11 131.80 1102.59|
283.12 131.80 1101.34|
283.10 131.80 1100.10|
283.07 131.79 1098.88|
283.01 131.77 1097.68|
282.92 131.75 1096.51|
282.82 131.71 1095.35|
282.69 131.68 1094.21|
282.55 131.63 1093.10|
282.37 131.58 1092.01|
282.18 131.53 1090.93|
281.96 131.47 1089.88|
281.73 131.41 1088.85|
281.46 131.34 1087.84|
281.18 131.27 1086.84|
280.88 131.20 1085.87|
280.55 131.12 1084.92|
280.20 131.04 1084.00|
279.82 130.96 1083.09|
279.64 130.92 1082.67|
278.72 130.78 1081.39|
277.80 130.64 1080.12|
276.88 130.50 1078.87|
275.96 130.37 1077.62|
275.04 130.24 1076.38|
274.13 130.12 1075.15|
273.21 130.01 1073.93|
272.30 129.90 1072.71|
271.39 129.79 1071.51|
270.48 129.70 1070.32|
269.57 129.61 1069.14|
268.67 129.53 1067.97|
267.76 129.45 1066.80|
266.86 129.38 1065.65|
265.96 129.32 1064.50|
265.06 129.26 1063.37|
264.16 129.22 1062.24|
263.26 129.18 1061.13|
262.37 129.14 1060.02|
261.48 129.12 1058.93|
260.58 129.10 1057.84|
259.69 129.09 1056.76|
258.80 129.09 1055.69|
257.92 129.10 1054.64|
257.03 129.11 1053.59|
256.15 129.13 1052.55|
255.26 129.16 1051.52|
254.38 129.20 1050.50|
253.50 129.25 1049.49|
252.63 129.30 1048.49|
251.75 129.36 1047.50|
250.88 129.43 1046.52|
250.00 129.51 1045.54|
249.13 129.59 1044.58|
248.26 129.68 1043.63|
247.39 129.76 1042.68|
246.53 129.86 1041.75|
245.66 129.96 1040.83|
244.80 130.06 1039.91|
243.93 130.16 1039.01|
243.07 130.25 1038.11|
242.21 130.35 1037.22|
241.36 130.44 1036.35|
240.50 130.54 1035.48|
239.65 130.63 1034.62|
238.79 130.71 1033.78|
237.94 130.79 1032.94|
237.09 130.86 1032.11|
236.24 130.93 1031.29|
235.40 131.00 1030.48|
234.55 131.06 1029.68|
233.71 131.12 1028.89|
232.87 131.17 1028.11|
232.03 131.23 1027.34|
231.19 131.28 1026.58|
230.35 131.33 1025.82|
229.52 131.37 1025.08|
228.68 131.41 1024.35|
227.85 131.45 1023.63|
227.02 131.49 1022.91|
226.33 131.52 1022.33|
225.33 131.52 1021.81|
224.31 131.52 1021.30|
223.26 131.52 1020.80|
222.20 131.52 1020.32|
221.12 131.52 1019.85|
220.02 131.51 1019.40|
218.90 131.50 1018.96|
217.76 131.49 1018.54|
216.60 131.48 1018.12|
215.42 131.46 1017.73|
214.22 131.44 1017.35|
213.01 131.42 1016.98|
211.77 131.40 1016.62|
210.51 131.37 1016.28|
209.24 131.34 1015.96|
207.94 131.31 1015.65|
206.63 131.27 1015.35|
205.29 131.24 1015.07|
203.94 131.19 1014.80|
202.57 131.15 1014.54|
201.17 131.11 1014.30|
199.76 131.06 1014.07|
198.33 131.00 1013.86|
196.88 130.95 1013.66|
195.41 130.89 1013.48|
193.92 130.84 1013.31|
192.41 130.77 1013.15|
191.25 130.73 1013.04|
189.54 130.61 1013.24|
187.87 130.51 1013.44|
186.24 130.41 1013.63|
184.64 130.32 1013.81|
183.08 130.23 1013.99|
181.56 130.15 1014.16|
180.07 130.07 1014.33|
178.62 130.00 1014.50|
177.20 129.94 1014.66|
175.83 129.89 1014.81|
174.49 129.84 1014.96|
173.18 129.80 1015.11|
171.91 129.76 1015.24|
170.68 129.73 1015.38|
169.49 129.70 1015.51|
168.33 129.67 1015.63|
167.21 129.65 1015.75|
166.12 129.63 1015.87|
165.08 129.62 1015.98|
164.06 129.61 1016.08|
163.09 129.60 1016.18|
162.27 129.60 1016.26|
161.67 129.61 1016.14|
161.04 129.62 1016.01|
160.40 129.63 1015.85|
159.73 129.64 1015.68|
159.04 129.66 1015.49|
158.33 129.67 1015.29|
157.60 129.69 1015.06|
156.85 129.71 1014.82|
155.40 129.77 1013.92|
153.95 129.83 1013.03|
152.51 129.89 1012.15|
151.09 129.95 1011.28|
149.68 130.01 1010.42|
148.28 130.07 1009.57|
146.89 130.13 1008.73|
145.51 130.19 1007.91|
144.14 130.24 1007.09|
142.79 130.30 1006.29|
141.45 130.36 1005.49|
140.12 130.42 1004.71|
138.80 130.48 1003.94|
137.49 130.54 1003.18|
136.19 130.60 1002.43|
134.90 130.67 1001.69|
133.63 130.74 1000.96|
132.37 130.80 1000.24|
131.12 130.87 999.53|
129.88 130.95 998.84|
128.65 131.02 998.15|
127.43 131.09 997.48|
126.23 131.17 996.81|
125.03 131.25 996.16|
123.85 131.33 995.52|
122.68 131.41 994.89|
121.52 131.49 994.27|
120.37 131.56 993.66|
119.24 131.64 993.06|
118.11 131.73 992.47|
117.00 131.80 991.90|
115.90 131.89 991.33|
114.81 131.96 990.78|
113.73 132.04 990.23|
112.66 132.12 989.70|
111.61 132.20 989.17|
110.56 132.28 988.66|
109.53 132.36 988.16|
108.51 132.44 987.67|
107.50 132.52 987.19|
106.50 132.60 986.72|
105.52 132.68 986.27|
104.54 132.76 985.82|
103.58 132.84 985.38|
102.62 132.92 984.96|
101.68 133.00 984.54|
100.76 133.07 984.14|
99.84 133.15 983.75|
98.93 133.23 983.37|
98.04 133.31 983.00|
97.15 133.38 982.64|
96.18 133.44 982.32|
95.20 133.50 982.02|
94.20 133.56 981.73|
93.18 133.61 981.46|
92.15 133.67 981.20|
91.10 133.71 980.96|
90.05 133.75 980.72|
88.97 133.79 980.50|
87.88 133.82 980.30|
86.78 133.84 980.11|
85.66 133.85 979.93|
84.53 133.86 979.76|
83.38 133.86 979.61|
82.21 133.85 979.48|
81.04 133.83 979.35|
79.84 133.80 979.24|
78.64 133.76 979.14|
77.42 133.72 979.06|
76.18 133.66 978.99|
74.93 133.59 978.94|
73.66 133.51 978.89|
72.38 133.42 978.87|
71.09 133.31 978.85|
69.78 133.20 978.85|
68.45 133.08 978.86|
67.11 132.96 978.89|
65.76 132.82 978.93|
64.39 132.68 978.98|
63.00 132.53 979.05|
61.60 132.37 979.13|
60.19 132.20 979.22|
58.76 132.04 979.33|
57.32 131.87 979.45|
55.86 131.70 979.58|
54.39 131.52 979.73|
52.90 131.34 979.89|
51.40 131.16 980.07|
49.89 130.99 980.26|
48.35 130.81 980.46|
46.81 130.63 980.67|
45.25 130.44 980.90|
43.67 130.26 981.15|
42.08 130.08 981.40|
40.70 130.02 981.37|
39.34 129.95 981.35|
37.98 129.88 981.36|
36.63 129.82 981.38|
35.29 129.75 981.42|
33.96 129.69 981.49|
32.64 129.63 981.57|
31.33 129.57 981.67|
30.03 129.51 981.79|
28.74 129.46 981.92|
27.46 129.42 982.08|
26.18 129.37 982.26|
24.92 129.34 982.46|
23.67 129.30 982.67|
22.42 129.27 982.91|
21.19 129.26 983.16|
19.96 129.24 983.44|
18.75 129.23 983.73|
17.54 129.23 984.04|
16.35 129.24 984.37|
15.16 129.26 984.73|
13.98 129.27 985.10|
12.82 129.31 985.49|
11.66 129.34 985.90|
10.51 129.39 986.32|
9.37 129.44 986.77|
8.24 129.50 987.24|
7.12 129.56 987.72|
6.01 129.63 988.23|
4.91 129.71 988.75|
3.82 129.80 989.30|
2.74 129.89 989.86|
1.66 129.99 990.44|
0.60 130.11 991.05|
-0.45 130.22 991.67|
-1.50 130.35 992.31|
-2.53 130.48 992.97|
-3.55 130.62 993.65|
-4.57 130.76 994.35|
-5.58 130.91 995.06|
-6.57 131.07 995.80|
-7.56 131.22 996.56|
-8.54 131.39 997.33|
-9.50 131.55 998.13|
-10.46 131.71 998.94|
-11.41 131.88 999.78|
-12.35 132.05 1000.63|
-13.28 132.22 1001.50|
-14.15 132.37 1002.35|
-15.00 132.54 1003.01|
-15.85 132.71 1003.68|
-16.68 132.88 1004.37|
-17.52 133.05 1005.07|
-18.34 133.21 1005.78|
-19.16 133.37 1006.51|
-19.98 133.52 1007.25|
-20.78 133.67 1008.00|
-21.58 133.81 1008.77|
-22.38 133.95 1009.55|
-23.17 134.07 1010.34|
-23.95 134.19 1011.14|
-24.72 134.31 1011.96|
-25.49 134.41 1012.79|
-26.26 134.51 1013.64|
-27.02 134.59 1014.50|
-27.77 134.67 1015.37|
-28.51 134.74 1016.25|
-29.25 134.79 1017.15|
-29.98 134.84 1018.06|
-30.71 134.87 1018.98|
-31.43 134.89 1019.92|
-32.15 134.90 1020.87|
-32.85 134.90 1021.83|
-33.56 134.88 1022.81|
-34.25 134.85 1023.80|
-34.94 134.80 1024.80|
-35.62 134.75 1025.82|
-36.30 134.67 1026.85|
-36.97 134.59 1027.89|
-37.64 134.48 1028.95|
-38.29 134.37 1030.01|
-38.95 134.24 1031.10|
-39.59 134.10 1032.19|
-40.23 133.94 1033.30|
-40.87 133.77 1034.42|
-41.49 133.59 1035.56|
-42.11 133.39 1036.70|
-42.73 133.18 1037.86|
-43.34 132.95 1039.04|
-43.94 132.72 1040.23|
-44.54 132.47 1041.43|
-45.13 132.20 1042.64|
-45.71 131.93 1043.87|
-46.29 131.65 1045.11|
-46.86 131.35 1046.36|
-47.43 131.05 1047.62|
-47.99 130.74 1048.90|
-48.54 130.42 1050.20|
-49.09 130.09 1051.50|
-49.63 129.76 1052.82|
-50.16 129.43 1054.15|
-50.69 129.09 1055.50|
-51.21 128.74 1056.86|
-51.73 128.39 1058.23|
-52.24 128.04 1059.61|
-52.74 127.69 1061.01|
-53.24 127.34 1062.42|
-53.73 126.99 1063.85|
-54.22 126.64 1065.28|
-54.69 126.30 1066.73|
-55.17 125.96 1068.20|
-55.63 125.62 1069.67|
-56.09 125.29 1071.16|
-56.55 124.96 1072.67|
-56.99 124.64 1074.18|
-57.35 124.40 1075.40|
-57.71 124.16 1076.59|
-58.08 123.93 1077.77|
-58.44 123.72 1078.92|
-58.81 123.51 1080.05|
-59.19 123.31 1081.16|
-59.56 123.12 1082.25|
-59.94 122.94 1083.32|
-60.33 122.77 1084.37|
-60.72 122.60 1085.40|
-61.11 122.45 1086.41|
-61.50 122.30 1087.39|
-61.90 122.16 1088.36|
-62.30 122.03 1089.30|
-62.70 121.91 1090.22|
-63.11 121.79 1091.13|
-63.52 121.68 1092.01|
-63.94 121.58 1092.87|
-64.35 121.49 1093.71|
-64.78 121.40 1094.53|
-65.20 121.32 1095.32|
-65.63 121.25 1096.10|
-66.06 121.18 1096.86|
-67.08 121.19 1096.66|
-68.11 121.21 1096.46|
-69.16 121.23 1096.24|
-70.21 121.24 1096.01|
-71.27 121.27 1095.77|
-72.34 121.30 1095.51|
-73.43 121.33 1095.25|
-74.52 121.36 1094.97|
-75.63 121.39 1094.68|
-76.74 121.43 1094.38|
-77.87 121.46 1094.06|
-79.00 121.50 1093.73|
-80.15 121.54 1093.39|
-81.30 121.59 1093.04|
-82.47 121.64 1092.68|
-83.65 121.69 1092.30|
-84.84 121.74 1091.92|
-86.03 121.81 1091.52|
-87.24 121.87 1091.11|
-88.46 121.94 1090.68|
-89.69 122.00 1090.25|
-90.93 122.08 1089.80|
-92.18 122.15 1089.34|
-93.44 122.23 1088.86|
-94.71 122.32 1088.38|
-95.99 122.40 1087.88|
-97.28 122.50 1087.37|
-98.58 122.59 1086.85|
-99.89 122.69 1086.32|
-101.22 122.79 1085.77|
-102.55 122.90 1085.22|
-103.89 123.01 1084.65|
-105.25 123.13 1084.06|
-106.61 123.25 1083.47|
-107.99 123.38 1082.86|
-109.37 123.51 1082.25|
-110.77 123.65 1081.62|
-112.17 123.79 1080.97|
-113.59 123.94 1080.32|
-115.01 124.09 1079.65|
-116.45 124.25 1078.97|
-117.90 124.41 1078.28|
-119.02 124.49 1078.24|
-120.12 124.57 1078.21|
-121.21 124.65 1078.20|
-122.28 124.74 1078.21|
-123.34 124.82 1078.23|
-124.38 124.90 1078.27|
-125.41 124.99 1078.33|
-126.42 125.08 1078.40|
-127.42 125.17 1078.49|
-128.40 125.26 1078.60|
-129.36 125.35 1078.73|
-130.31 125.44 1078.87|
-131.24 125.53 1079.02|
-132.16 125.62 1079.20|
-133.06 125.71 1079.39|
-133.94 125.80 1079.60|
-134.81 125.89 1079.82|
-135.66 125.98 1080.06|
-136.50 126.08 1080.32|
-137.32 126.18 1080.60|
-138.13 126.27 1080.89|
-138.92 126.37 1081.20|
-139.70 126.46 1081.52|
-140.46 126.56 1081.86|
-141.20 126.65 1082.22|
-141.93 126.75 1082.60|
-142.64 126.85 1082.99|
-143.34 126.95 1083.40|
-144.02 127.04 1083.82|
-144.45 127.10 1084.34|
-144.87 127.16 1084.89|
-145.28 127.22 1085.46|
-145.69 127.28 1086.07|
-146.08 127.34 1086.71|
-146.47 127.40 1087.37|
-146.85 127.47 1088.07|
-147.22 127.53 1088.80|
-147.58 127.59 1089.56|
-147.94 127.66 1090.35|
-148.28 127.72 1091.17|
-148.62 127.78 1092.02|
-148.94 127.85 1092.90|
-149.26 127.91 1093.81|
-149.57 127.98 1094.76|
-149.87 128.05 1095.73|
-150.17 128.12 1096.73|
-150.45 128.19 1097.77|
-150.73 128.26 1098.83|
-150.99 128.33 1099.93|
-151.25 128.40 1101.05|
-151.50 128.47 1102.21|
-151.74 128.54 1103.40|
-151.98 128.61 1104.61|
-152.20 128.69 1105.86|
-152.42 128.77 1107.14|
-152.62 128.84 1108.45|
-152.82 128.92 1109.79|
-153.01 128.99 1111.16|
-153.19 129.07 1112.56|
-153.36 129.14 1113.99|
-153.53 129.21 1115.45|
-153.68 129.28 1116.94|
-153.83 129.35 1118.46|
-153.97 129.41 1120.01|
-154.09 129.47 1121.60|
-154.21 129.54 1123.21|
-154.33 129.60 1124.86|
-154.43 129.65 1126.53|
-154.52 129.71 1128.24|
-154.61 129.76 1129.97|
-154.69 129.81 1131.74|
-154.76 129.85 1133.53|
-154.82 129.89 1135.36|
-154.87 129.92 1137.22|
-154.91 129.95 1139.11|
-154.95 129.97 1141.03|
-154.97 129.98 1142.98|
-154.99 130.00 1144.96|
-155.25 130.05 1146.35|
-155.52 130.10 1147.74|
-155.81 130.16 1149.11|
-156.12 130.21 1150.46|
-156.44 130.27 1151.81|
-156.77 130.33 1153.14|
-157.13 130.38 1154.45|
-157.49 130.44 1155.76|
-157.88 130.50 1157.05|
-158.28 130.56 1158.32|
-158.69 130.62 1159.59|
-159.12 130.68 1160.84|
-159.57 130.74 1162.07|
-160.03 130.80 1163.30|
-160.51 130.86 1164.50|
-161.00 130.92 1165.70|
-161.51 130.99 1166.88|
-162.04 131.05 1168.05|
-162.58 131.11 1169.21|
-163.13 131.18 1170.35|
-163.70 131.24 1171.48|
-164.29 131.30 1172.59|
-164.89 131.37 1173.70|
-165.51 131.43 1174.79|
-166.15 131.50 1175.86|
-166.80 131.56 1176.92|
-167.41 131.61 1177.88|
-167.76 131.65 1178.43|
-168.12 131.68 1178.97|
-168.50 131.71 1179.51|
-168.89 131.75 1180.05|
-169.29 131.78 1180.59|
-169.70 131.81 1181.13|
-170.12 131.85 1181.67|
-170.55 131.88 1182.20|
-170.99 131.91 1182.74|
-171.45 131.95 1183.28|
-171.91 131.98 1183.81|
-172.39 132.01 1184.35|
-172.87 132.05 1184.88|
-173.37 132.08 1185.41|
-173.88 132.12 1185.94|
-174.40 132.15 1186.47|
-174.94 132.19 1187.00|
-175.48 132.22 1187.53|
-176.04 132.26 1188.06|
-176.60 132.29 1188.59|
-177.18 132.32 1189.12|
-177.77 132.35 1189.64|
-178.37 132.37 1190.17|
-178.98 132.40 1190.69|
-179.60 132.42 1191.22|
-180.23 132.44 1191.74|
-180.87 132.45 1192.26|
-181.53 132.47 1192.79|
-182.20 132.48 1193.31|
-182.87 132.49 1193.83|
-183.56 132.50 1194.35|
-184.69 132.53 1194.77|
-185.83 132.55 1195.19|
-186.96 132.57 1195.62|
-188.10 132.58 1196.04|
-189.24 132.58 1196.47|
-190.38 132.58 1196.89|
-191.53 132.57 1197.32|
-192.67 132.55 1197.75|
-193.82 132.52 1198.17|
-194.97 132.48 1198.60|
-196.13 132.43 1199.03|
-197.28 132.38 1199.46|
-198.44 132.32 1199.88|
-199.59 132.26 1200.31|
-200.76 132.19 1200.74|
-201.92 132.12 1201.17|
-203.08 132.04 1201.60|
-204.25 131.95 1202.03|
-205.42 131.86 1202.46|
-206.59 131.77 1202.89|
-207.76 131.67 1203.32|
-208.94 131.56 1203.75|
-210.11 131.45 1204.19|
-211.29 131.33 1204.62|
-212.48 131.21 1205.05|
-213.66 131.09 1205.48|
-214.84 130.96 1205.92|
-216.03 130.83 1206.35|
-217.22 130.70 1206.78|
-218.41 130.57 1207.22|
-219.61 130.43 1207.65|
-220.80 130.29 1208.09|
-222.00 130.15 1208.52|
-223.20 130.00 1208.96|
-224.40 129.83 1209.40|
-225.61 129.67 1209.83|
-226.81 129.49 1210.27|
-228.02 129.31 1210.71|
-229.23 129.13 1211.15|
-230.44 128.94 1211.58|
-231.66 128.74 1212.02|
-232.87 128.55 1212.46|
-234.09 128.36 1212.90|
-235.31 128.18 1213.34|
-236.53 128.01 1213.78|
-237.76 127.83 1214.22|
-238.98 127.67 1214.66|
-240.21 127.52 1215.10|
-241.44 127.38 1215.54|
-242.68 127.26 1215.98|
-243.91 127.14 1216.43|
-245.15 127.02 1216.87|
-246.39 126.92 1217.31|
-247.63 126.82 1217.75|
-248.87 126.73 1218.20|
-250.12 126.63 1218.64|
-251.36 126.53 1219.09|
-252.61 126.43 1219.53|
-253.86 126.33 1219.98|
-255.12 126.22 1220.42|
-256.37 126.10 1220.87|
-257.63 125.98 1221.31|
-258.89 125.85 1221.76|
-260.15 125.72 1222.21|
-261.42 125.59 1222.65|
-262.68 125.46 1223.10|
-263.95 125.32 1223.55|
-265.22 125.19 1224.00|
-266.49 125.05 1224.45|
-267.76 124.92 1224.89|
-269.04 124.79 1225.34|
-270.32 124.65 1225.79|
-271.60 124.52 1226.24|
-272.88 124.39 1226.69|
-274.17 124.25 1227.14|
-275.45 124.13 1227.60|
-276.74 124.00 1228.05|
-278.03 123.87 1228.50|
-279.32 123.75 1228.95|
-280.62 123.63 1229.40|
-281.91 123.51 1229.86|
-283.21 123.40 1230.31|
-284.51 123.29 1230.76|
-285.82 123.18 1231.22|
-287.12 123.08 1231.67|
-288.43 122.98 1232.13|
-289.74 122.88 1232.58|
-291.05 122.79 1233.04|
-292.36 122.70 1233.49|
-293.68 122.61 1233.95|
-294.99 122.53 1234.41|
-296.31 122.45 1234.86|
-297.63 122.38 1235.32|
-298.96 122.31 1235.78|
-300.28 122.24 1236.24|
-301.61 122.18 1236.70|
-303.17 122.10 1237.49|
-304.71 122.03 1238.26|
-306.25 121.97 1239.02|
-307.77 121.90 1239.76|
-309.28 121.85 1240.49|
-310.79 121.79 1241.19|
-312.28 121.74 1241.88|
-313.76 121.70 1242.55|
-315.23 121.66 1243.21|
-316.69 121.62 1243.85|
-318.14 121.59 1244.46|
-319.58 121.55 1245.07|
-321.01 121.53 1245.65|
-322.43 121.50 1246.22|
-323.83 121.47 1246.77|
-325.23 121.45 1247.30|
-326.62 121.43 1247.82|
-327.99 121.41 1248.32|
-329.36 121.39 1248.80|
-330.71 121.37 1249.27|
-332.05 121.36 1249.71|
-333.39 121.35 1250.14|
-334.71 121.34 1250.55|
-336.02 121.33 1250.95|
-337.32 121.32 1251.33|
-338.61 121.31 1251.69|
-339.89 121.31 1252.03|
-341.16 121.30 1252.36|
-342.42 121.30 1252.67|
-343.66 121.30 1252.96|
-344.90 121.30 1253.23|
-346.13 121.29 1253.49|
-347.34 121.30 1253.73|
-348.55 121.29 1253.95|
-349.74 121.29 1254.15|
-350.93 121.29 1254.34|
-352.10 121.29 1254.51|
-353.26 121.28 1254.67|
-354.41 121.27 1254.80|
-355.55 121.26 1254.92|
-356.68 121.25 1255.02|
-357.80 121.24 1255.10|
-358.91 121.22 1255.17|
-360.01 121.19 1255.22|
-361.10 121.17 1255.25|
-362.18 121.15 1255.27|
-363.24 121.12 1255.26|
-364.30 121.09 1255.24|
-365.35 121.05 1255.21|
-366.38 121.01 1255.15|
-367.40 120.98 1255.08|
-368.42 120.93 1254.99|
-369.42 120.89 1254.89|
-370.41 120.84 1254.76|
-371.40 120.79 1254.62|
-372.37 120.75 1254.46|
-373.33 120.69 1254.29|
-374.28 120.64 1254.10|
-375.22 120.58 1253.89|
-376.14 120.52 1253.66|
-377.06 120.46 1253.41|
-377.97 120.40 1253.15|
-379.13 120.33 1252.97|
-380.29 120.26 1252.79|
-381.45 120.18 1252.60|
-382.62 120.11 1252.40|
-383.78 120.04 1252.21|
-384.95 119.96 1252.01|
-386.13 119.89 1251.80|
-387.30 119.82 1251.60|
-388.48 119.74 1251.39|
-389.65 119.67 1251.17|
-390.83 119.61 1250.95|
-392.02 119.54 1250.73|
-393.20 119.48 1250.50|
-394.39 119.42 1250.27|
-395.58 119.37 1250.04|
-396.77 119.32 1249.80|
-397.96 119.28 1249.56|
-399.16 119.24 1249.32|
-400.35 119.20 1249.07|
-401.55 119.17 1248.81|
-402.76 119.15 1248.56|
-403.96 119.13 1248.30|
-405.17 119.11 1248.03|
-406.37 119.10 1247.77|
-407.58 119.10 1247.50|
-408.80 119.10 1247.22|
-410.01 119.11 1246.94|
-411.23 119.13 1246.66|
-412.45 119.15 1246.37|
-413.67 119.18 1246.08|
-414.89 119.21 1245.79|
-416.12 119.25 1245.49|
-417.34 119.29 1245.19|
-418.57 119.35 1244.89|
-419.81 119.40 1244.58|
-421.04 119.47 1244.26|
-422.27 119.54 1243.95|
-423.51 119.61 1243.63|
-424.75 119.69 1243.30|
-426.00 119.78 1242.98|
-427.24 119.87 1242.64|
-428.49 119.97 1242.31|
-429.74 120.08 1241.97|
-430.99 120.18 1241.63|
-432.24 120.30 1241.28|
-433.50 120.42 1240.93|
-434.75 120.55 1240.58|
-436.01 120.68 1240.22|
-437.27 120.81 1239.86|
-438.54 120.94 1239.49|
-439.80 121.07 1239.12|
-441.07 121.20 1238.75|
-442.34 121.34 1238.38|
-443.61 121.48 1238.00|
-444.89 121.62 1237.61|
-446.32 121.77 1237.26|
-447.74 121.93 1236.90|
-449.16 122.08 1236.54|
-450.57 122.23 1236.17|
-451.97 122.38 1235.80|
-453.37 122.52 1235.43|
-454.76 122.67 1235.05|
-456.14 122.81 1234.67|
-457.51 122.94 1234.28|
-458.88 123.07 1233.90|
-460.24 123.20 1233.51|
-461.59 123.33 1233.11|
-462.93 123.45 1232.71|
-464.27 123.57 1232.31|
-465.60 123.67 1231.90|
-466.93 123.77 1231.49|
-468.24 123.87 1231.08|
-469.55 123.96 1230.66|
-470.86 124.03 1230.24|
-472.15 124.11 1229.82|
-473.44 124.17 1229.39|
-474.72 124.23 1228.96|
-475.99 124.28 1228.53|
-477.26 124.32 1228.09|
-478.52 124.36 1227.65|
-479.77 124.39 1227.20|
-481.02 124.41 1226.75|
-482.25 124.43 1226.30|
-483.49 124.44 1225.84|
-484.71 124.44 1225.38|
-485.93 124.44 1224.92|
-487.13 124.43 1224.45|
-488.34 124.41 1223.98|
-489.53 124.39 1223.50|
-490.72 124.37 1223.03|
-491.90 124.34 1222.54|
-493.07 124.32 1222.06|
-494.24 124.29 1221.57|
-495.40 124.26 1221.08|
-496.55 124.23 1220.58|
-497.70 124.19 1220.08|
-498.83 124.15 1219.58|
-499.96 124.12 1219.07|
-501.09 124.08 1218.56|
-502.20 124.04 1218.05|
-503.31 124.00 1217.53|
-504.42 123.97 1217.01|
-505.51 123.93 1216.48|
-506.60 123.88 1215.95|
-507.68 123.84 1215.42|
-508.75 123.80 1214.88|
-509.82 123.76 1214.34|
-510.92 123.74 1214.01|
-511.99 123.71 1213.62|
-513.05 123.68 1213.18|
-514.08 123.65 1212.70|
-515.09 123.61 1212.17|
-516.09 123.58 1211.58|
-517.06 123.54 1210.95|
-518.01 123.50 1210.27|
-518.94 123.47 1209.55|
-519.85 123.43 1208.77|
-520.74 123.39 1207.94|
-521.61 123.35 1207.07|
-522.46 123.32 1206.14|
-523.29 123.28 1205.17|
-524.10 123.25 1204.15|
-524.89 123.22 1203.08|
-525.65 123.19 1201.96|
-526.40 123.16 1200.79|
-527.12 123.14 1199.57|
-527.83 123.12 1198.31|
-528.51 123.11 1196.99|
-528.85 123.10 1196.31|
-529.84 123.11 1195.46|
-530.83 123.12 1194.64|
-531.83 123.13 1193.85|
-532.83 123.14 1193.08|
-533.84 123.16 1192.35|
-534.85 123.17 1191.64|
-535.87 123.19 1190.96|
-536.89 123.21 1190.31|
-537.92 123.22 1189.69|
-538.95 123.23 1189.10|
-539.98 123.25 1188.54|
-541.02 123.26 1188.01|
-542.06 123.28 1187.50|
-543.11 123.31 1187.03|
-544.17 123.33 1186.58|
-545.61 123.37 1186.44|
-547.05 123.43 1186.32|
-548.48 123.49 1186.21|
-549.90 123.56 1186.12|
-551.31 123.62 1186.04|
-552.71 123.68 1185.98|
-554.10 123.73 1185.93|
-555.48 123.78 1185.90|
-556.85 123.81 1185.89|
-558.21 123.84 1185.89|
-559.56 123.85 1185.91|
-560.91 123.86 1185.94|
-562.24 123.86 1185.99|
-563.56 123.85 1186.05|
-564.88 123.83 1186.13|
-566.18 123.80 1186.23|
-567.48 123.77 1186.34|
-568.76 123.73 1186.47|
-570.04 123.69 1186.61|
-571.31 123.65 1186.77|
-572.56 123.61 1186.94|
-573.81 123.57 1187.13|
-575.05 123.53 1187.34|
-576.28 123.48 1187.56|
-577.50 123.44 1187.79|
-578.71 123.41 1188.05|
-579.91 123.38 1188.31|
-581.10 123.36 1188.60|
-582.28 123.35 1188.90|
-583.85 123.34 1188.96|
-585.39 123.34 1189.04|
-586.91 123.34 1189.13|
-588.41 123.34 1189.23|
-589.89 123.35 1189.35|
-591.35 123.35 1189.47|
-592.78 123.36 1189.61|
-594.20 123.37 1189.77|
-595.59 123.37 1189.93|
-596.96 123.38 1190.11|
-598.31 123.39 1190.31|
-599.63 123.40 1190.51|
-600.94 123.41 1190.73|
-602.22 123.42 1190.96|
-603.48 123.43 1191.20|
-604.72 123.44 1191.46|
-605.94 123.45 1191.73|
-607.13 123.46 1192.01|
-608.31 123.47 1192.31|
-609.16 123.48 1192.73|
-610.00 123.50 1193.17|
-610.84 123.51 1193.65|
-611.67 123.53 1194.16|
-612.50 123.55 1194.69|
-613.32 123.57 1195.25|
-614.14 123.58 1195.85|
-614.95 123.61 1196.47|
-615.76 123.63 1197.12|
-616.56 123.65 1197.80|
-617.35 123.68 1198.51|
-618.14 123.70 1199.25|
-618.93 123.73 1200.02|
-619.71 123.75 1200.82|
-620.48 123.78 1201.65|
-621.25 123.80 1202.50|
-622.02 123.83 1203.39|
-622.77 123.86 1204.30|
-623.53 123.89 1205.25|
-624.27 123.92 1206.22|
-625.02 123.94 1207.22|
-625.75 123.97 1208.25|
-626.48 124.00 1209.31|
-627.21 124.03 1210.40|
-627.93 124.05 1211.52|
-628.64 124.08 1212.67|
-629.35 124.10 1213.85|
-630.06 124.13 1215.06|
-630.76 124.14 1216.29|
-631.45 124.15 1217.56|
-632.14 124.16 1218.85|
-632.82 124.17 1220.18|
-633.50 124.19 1221.53|
-634.17 124.19 1222.91|
-634.84 124.18 1224.32|
-635.50 124.18 1225.76|
-636.16 124.16 1227.23|
-636.81 124.13 1228.73|
-637.45 124.10 1230.26|
-638.09 124.06 1231.82|
-638.38 124.03 1233.03|
-638.64 124.00 1234.23|
-638.88 123.96 1235.44|
-639.09 123.92 1236.64|
-639.28 123.89 1237.84|
-639.44 123.84 1239.04|
-639.58 123.80 1240.23|
-639.70 123.76 1241.42|
-639.79 123.71 1242.61|
-639.85 123.67 1243.79|
-639.89 123.63 1244.97|
-639.90 123.58 1246.15|
-639.89 123.54 1247.33|
-639.86 123.49 1248.51|
-639.79 123.45 1249.68|
-639.71 123.40 1250.85|
-639.60 123.36 1252.01|
-639.46 123.32 1253.17|
-639.30 123.27 1254.33|
-639.12 123.23 1255.49|
-638.91 123.19 1256.65|
-638.67 123.14 1257.80|
-638.41 123.10 1258.95|
-638.13 123.06 1260.10|
-637.82 123.02 1261.24|
-637.48 122.99 1262.38|
-637.12 122.95 1263.52|
-636.74 122.92 1264.65|
-636.33 122.89 1265.79|
-635.90 122.86 1266.92|
-635.44 122.83 1268.04|
-634.95 122.80 1269.17|
-634.44 122.78 1270.29|
-633.91 122.76 1271.41|
-633.35 122.74 1272.53|
-632.77 122.72 1273.64|
-632.16 122.70 1274.75|
-631.53 122.69 1275.86|
-630.87 122.68 1276.96|
-630.18 122.67 1278.06|
-629.48 122.66 1279.16|
-628.74 122.66 1280.26|
-627.98 122.66 1281.36|
-627.20 122.67 1282.45|
-626.39 122.67 1283.54|
-625.56 122.68 1284.62|
-624.70 122.68 1285.70|
-623.82 122.69 1286.78|
-622.91 122.70 1287.86|
-621.94 122.71 1289.06|
-620.97 122.72 1290.26|
-620.02 122.73 1291.45|
-619.08 122.74 1292.64|
-618.15 122.74 1293.83|
-617.23 122.75 1295.01|
-616.32 122.75 1296.20|
-615.43 122.76 1297.38|
-614.55 122.76 1298.55|
-613.68 122.76 1299.73|
-612.82 122.75 1300.90|
-611.97 122.76 1302.07|
-611.14 122.75 1303.24|
-610.31 122.75 1304.40|
-609.50 122.74 1305.57|
-608.70 122.74 1306.72|
-607.92 122.73 1307.88|
-607.14 122.72 1309.04|
-606.38 122.72 1310.19|
-605.62 122.70 1311.34|
-604.88 122.68 1312.48|
-604.16 122.67 1313.63|
-603.44 122.65 1314.77|
-602.74 122.64 1315.91|
-602.04 122.62 1317.04|
-601.36 122.61 1318.18|
-600.69 122.58 1319.31|
-600.04 122.56 1320.44|
-599.39 122.53 1321.56|
-598.76 122.51 1322.68|
-598.14 122.49 1323.81|
-597.53 122.46 1324.92|
-596.93 122.43 1326.04|
-596.34 122.40 1327.15|
-595.77 122.37 1328.26|
-595.21 122.34 1329.37|
-594.66 122.30 1330.47|
-594.12 122.26 1331.58|
-593.59 122.22 1332.68|
-593.08 122.19 1333.77|
-592.58 122.14 1334.87|
-592.09 122.10 1335.96|
-591.61 122.05 1337.05|
-591.14 122.00 1338.14|
-590.68 121.95 1339.22|
-590.24 121.89 1340.30|
-589.81 121.83 1341.38|
-589.39 121.77 1342.46|
-588.98 121.70 1343.53|
-588.58 121.63 1344.60|
-588.20 121.56 1345.67|
-587.83 121.48 1346.74|
-587.60 121.47 1347.16|
-587.39 121.45 1347.61|
-587.20 121.41 1348.11|
-587.03 121.37 1348.64|
-586.88 121.32 1349.21|
-586.74 121.25 1349.82|
-586.62 121.18 1350.47|
-586.52 121.10 1351.16|
-586.44 121.01 1351.88|
-586.37 120.91 1352.65|
-586.33 120.79 1353.45|
-586.30 120.67 1354.29|
-586.29 120.54 1355.16|
-586.29 120.39 1356.08|
-586.32 120.23 1357.03|
-586.36 120.07 1358.03|
-586.42 119.89 1359.06|
-586.50 119.70 1360.13|
-586.60 119.50 1361.23|
-586.71 119.29 1362.38|
-586.85 119.07 1363.56|
-587.00 118.84 1364.78|
-587.16 118.60 1366.04|
-587.35 118.35 1367.34|
-587.55 118.10 1368.68|
-587.78 117.83 1370.05|
-588.02 117.56 1371.47|
-588.28 117.27 1372.92|
-588.55 116.99 1374.41|
-588.85 116.70 1375.94|
-589.16 116.41 1377.50|
-589.49 116.12 1379.11|
-589.83 115.83 1380.75|
-590.20 115.54 1382.43|
-590.58 115.25 1384.15|
-590.99 114.96 1385.91|
-591.41 114.68 1387.70|
-591.84 114.41 1389.54|
-592.30 114.14 1391.41|
-592.77 113.88 1393.32|
-593.26 113.63 1395.27|
-593.77 113.39 1397.25|
-594.30 113.17 1399.28|
-594.84 112.96 1401.34|
-595.41 112.75 1403.44|
-595.50 112.72 1403.78|
-595.73 112.62 1405.22|
-595.95 112.53 1406.64|
-596.18 112.44 1408.06|
-596.41 112.36 1409.47|
-596.63 112.28 1410.87|
-596.86 112.20 1412.26|
-597.08 112.14 1413.64|
-597.31 112.07 1415.01|
-597.54 112.01 1416.38|
-597.76 111.96 1417.73|
-597.99 111.91 1419.07|
-598.21 111.86 1420.41|
-598.44 111.82 1421.74|
-598.66 111.78 1423.05|
-598.89 111.75 1424.36|
-599.11 111.71 1425.66|
-599.34 111.69 1426.95|
-599.56 111.66 1428.23|
-599.79 111.64 1429.51|
-600.01 111.62 1430.77|
-600.24 111.61 1432.02|
-600.46 111.61 1433.27|
-600.68 111.60 1434.50|
-600.91 111.60 1435.73|
-601.13 111.60 1436.95|
-601.36 111.60 1438.16|
-601.58 111.61 1439.36|
-601.80 111.62 1440.55|
-602.03 111.63 1441.73|
-602.25 111.65 1442.90|
-602.47 111.67 1444.06|
-602.69 111.70 1445.22|
-602.92 111.73 1446.36|
-603.14 111.76 1447.50|
-603.36 111.79 1448.63|
-603.58 111.83 1449.74|
-603.81 111.88 1450.85|
-604.03 111.92 1451.95|
-604.25 111.96 1453.04|
-604.47 112.01 1454.12|
-604.69 112.06 1455.20|
-604.91 112.11 1456.26|
-605.13 112.17 1457.31|
-605.36 112.22 1458.36|
-605.58 112.28 1459.40|
-605.80 112.34 1460.42|
-606.02 112.40 1461.44|
-606.24 112.46 1462.45|
-606.46 112.53 1463.45|
-606.68 112.59 1464.44|
-606.90 112.65 1465.42|
-607.12 112.72 1466.39|
-607.34 112.79 1467.36|
-607.56 112.86 1468.31|
-607.78 112.93 1469.26|
-608.00 113.00 1470.19|
-608.22 113.07 1471.12|
-608.44 113.13 1472.04|
-608.66 113.20 1472.95|
-608.87 113.27 1473.84|
-609.09 113.34 1474.74|
-609.31 113.41 1475.62|
-609.53 113.48 1476.49|
-609.77 113.61 1478.03|
-609.96 113.75 1479.54|
-610.11 113.89 1481.01|
-610.23 114.02 1482.46|
-610.30 114.15 1483.87|
-610.33 114.29 1485.25|
-610.32 114.43 1486.60|
-610.27 114.56 1487.91|
-610.17 114.69 1489.19|
-610.04 114.82 1490.44|
-609.86 114.95 1491.66|
-609.64 115.08 1492.85|
-609.39 115.21 1494.00|
-609.09 115.33 1495.12|
-608.75 115.46 1496.21|
-608.36 115.58 1497.27|
-607.94 115.70 1498.29|
-607.48 115.82 1499.29|
-606.97 115.94 1500.25|
-606.42 116.05 1501.18|
-605.84 116.17 1502.07|
-605.21 116.27 1502.93|
-604.54 116.38 1503.77|
-603.82 116.49 1504.57|
-603.07 116.59 1505.33|
-602.32 116.68 1506.03|
-601.54 116.78 1506.71|
-600.73 116.87 1507.37|
-599.89 116.96 1508.02|
-599.02 117.05 1508.65|
-598.12 117.14 1509.26|
-597.20 117.23 1509.86|
-596.24 117.31 1510.45|
-595.25 117.40 1511.01|
-594.23 117.49 1511.56|
-593.19 117.57 1512.10|
-592.11 117.65 1512.62|
-591.00 117.74 1513.12|
-589.87 117.82 1513.60|
-588.70 117.91 1514.07|
-587.51 117.99 1514.53|
-586.29 118.08 1514.97|
-585.03 118.17 1515.39|
-583.75 118.25 1515.79|
-582.44 118.34 1516.18|
-581.09 118.43 1516.56|
-579.72 118.52 1516.91|
-578.32 118.62 1517.25|
-576.89 118.71 1517.58|
-575.43 118.81 1517.89|
-573.94 118.91 1518.18|
-572.42 119.02 1518.46|
-570.87 119.12 1518.72|
-569.29 119.23 1518.96|
-567.68 119.35 1519.19|
-567.06 119.39 1519.28|
</vertices>
</customField>
