<?xml version="1.0" encoding="utf-8" standalone="no"?>
<customField name="CP-2">
    <vertices>
-378.90 121.02 1274.93|
-377.88 121.10 1277.75|
-373.80 121.35 1289.03|
-371.75 121.45 1294.67|
-352.94 122.33 1346.91|
-351.84 122.29 1346.37|
-350.77 122.26 1345.87|
-349.72 122.22 1345.41|
-348.68 122.17 1345.01|
-347.67 122.13 1344.64|
-346.68 122.09 1344.32|
-345.71 122.05 1344.04|
-344.75 122.02 1343.81|
-343.82 121.98 1343.63|
-342.91 121.94 1343.48|
-342.01 121.91 1343.39|
-341.14 121.88 1343.33|
-340.29 121.85 1343.32|
-339.46 121.82 1343.36|
-338.64 121.80 1343.44|
-337.85 121.77 1343.57|
-337.08 121.75 1343.73|
-336.33 121.74 1343.95|
-335.59 121.72 1344.21|
-334.88 121.71 1344.51|
-334.19 121.70 1344.86|
-333.52 121.70 1345.25|
-332.86 121.69 1345.69|
-332.23 121.69 1346.17|
-331.62 121.70 1346.69|
-331.03 121.70 1347.26|
-330.45 121.71 1347.88|
-329.90 121.72 1348.54|
-329.37 121.74 1349.24|
-328.86 121.75 1349.99|
-328.37 121.77 1350.78|
-327.89 121.80 1351.62|
-327.44 121.83 1352.50|
-327.01 121.86 1353.43|
-326.60 121.90 1354.40|
-326.20 121.94 1355.42|
-325.83 121.98 1356.48|
-325.48 122.03 1357.58|
-325.15 122.08 1358.73|
-324.84 122.14 1359.93|
-324.55 122.20 1361.16|
-324.27 122.27 1362.45|
-324.02 122.33 1363.78|
-323.79 122.41 1365.15|
-323.71 122.44 1365.67|
-323.90 122.57 1367.65|
-324.07 122.70 1369.59|
-324.23 122.84 1371.50|
-324.38 122.97 1373.38|
-324.52 123.10 1375.22|
-324.64 123.23 1377.03|
-324.75 123.35 1378.80|
-324.85 123.47 1380.54|
-324.94 123.59 1382.25|
-325.01 123.71 1383.92|
-325.07 123.82 1385.56|
-325.12 123.92 1387.17|
-325.16 124.02 1388.74|
-325.18 124.12 1390.28|
-325.19 124.22 1391.78|
-325.19 124.31 1393.25|
-325.18 124.39 1394.69|
-325.15 124.48 1396.09|
-325.12 124.55 1397.46|
-325.06 124.62 1398.79|
-325.00 124.69 1400.09|
-324.93 124.75 1401.36|
-324.84 124.80 1402.59|
-324.74 124.86 1403.79|
-324.62 124.90 1404.96|
-324.50 124.94 1406.09|
-324.36 124.98 1407.18|
-324.21 125.01 1408.25|
-324.04 125.04 1409.28|
-323.87 125.07 1410.27|
-323.68 125.08 1411.24|
-323.48 125.11 1412.17|
-323.26 125.12 1413.06|
-323.04 125.14 1413.92|
-322.80 125.15 1414.75|
-322.55 125.17 1415.54|
-322.28 125.18 1416.30|
-322.01 125.19 1417.03|
-321.72 125.19 1417.72|
-321.42 125.19 1418.37|
-321.10 125.19 1419.00|
-320.78 125.20 1419.58|
-320.44 125.20 1420.33|
-320.08 125.20 1421.07|
-319.68 125.19 1421.78|
-319.26 125.19 1422.49|
-318.82 125.18 1423.17|
-318.34 125.17 1423.84|
-317.84 125.17 1424.50|
-317.31 125.16 1425.14|
-316.75 125.15 1425.76|
-316.16 125.14 1426.37|
-315.55 125.13 1426.97|
-314.90 125.11 1427.54|
-314.23 125.10 1428.10|
-313.54 125.08 1428.65|
-312.81 125.06 1429.18|
-312.06 125.04 1429.69|
-311.28 125.02 1430.19|
-310.47 124.99 1430.67|
-309.63 124.97 1431.14|
-308.77 124.94 1431.59|
-307.88 124.91 1432.03|
-306.96 124.88 1432.45|
-306.02 124.85 1432.85|
-305.04 124.81 1433.24|
-304.04 124.78 1433.61|
-303.01 124.74 1433.97|
-301.95 124.70 1434.31|
-300.87 124.65 1434.63|
-299.76 124.60 1434.94|
-298.62 124.55 1435.24|
-297.45 124.50 1435.52|
-296.25 124.46 1435.78|
-295.03 124.41 1436.03|
-293.78 124.35 1436.26|
-292.50 124.30 1436.47|
-291.19 124.25 1436.67|
-289.86 124.20 1436.85|
-288.50 124.15 1437.02|
-287.11 124.09 1437.18|
-285.69 124.04 1437.31|
-284.25 123.98 1437.43|
-282.78 123.93 1437.54|
-281.28 123.87 1437.63|
-279.75 123.82 1437.70|
-278.19 123.76 1437.76|
-276.61 123.71 1437.80|
-275.00 123.65 1437.83|
-273.36 123.60 1437.84|
-271.70 123.55 1437.83|
-270.00 123.50 1437.81|
-268.28 123.46 1437.78|
-266.53 123.43 1437.72|
-264.76 123.40 1437.66|
-262.95 123.39 1437.57|
-261.52 123.39 1437.50|
-260.94 123.39 1437.45|
-260.33 123.39 1437.37|
-259.69 123.39 1437.26|
-259.01 123.39 1437.12|
-258.30 123.40 1436.95|
-257.56 123.41 1436.75|
-256.79 123.42 1436.51|
-255.98 123.43 1436.25|
-255.14 123.45 1435.95|
-254.27 123.47 1435.62|
-253.37 123.49 1435.27|
-252.44 123.52 1434.88|
-251.47 123.56 1434.45|
-250.47 123.61 1434.00|
-249.44 123.66 1433.52|
-248.38 123.72 1433.00|
-247.28 123.80 1432.46|
-246.16 123.87 1431.88|
-245.00 123.97 1431.27|
-243.81 124.06 1430.63|
-242.58 124.17 1429.96|
-241.33 124.29 1429.26|
-240.04 124.41 1428.53|
-238.72 124.55 1427.76|
-237.37 124.69 1426.97|
-235.98 124.85 1426.14|
-234.57 125.01 1425.28|
-233.12 125.19 1424.40|
-231.64 125.37 1423.48|
-230.13 125.56 1422.52|
-228.58 125.75 1421.54|
-227.00 125.94 1420.53|
-225.40 126.14 1419.48|
-223.75 126.34 1418.41|
-222.08 126.53 1417.30|
-220.38 126.73 1416.16|
-219.24 126.85 1415.40|
-218.08 126.97 1414.58|
-216.92 127.09 1413.78|
-215.76 127.20 1412.99|
-214.60 127.30 1412.23|
-213.44 127.40 1411.48|
-212.28 127.49 1410.74|
-211.12 127.57 1410.03|
-209.96 127.65 1409.33|
-208.80 127.72 1408.66|
-207.65 127.79 1407.99|
-206.49 127.85 1407.35|
-205.33 127.91 1406.72|
-204.18 127.96 1406.12|
-203.02 128.00 1405.53|
-201.86 128.04 1404.95|
-200.71 128.07 1404.40|
-199.55 128.10 1403.86|
-198.40 128.12 1403.34|
-197.25 128.14 1402.84|
-196.09 128.16 1402.35|
-194.94 128.17 1401.89|
-193.79 128.18 1401.44|
-192.64 128.18 1401.01|
-191.48 128.19 1400.59|
-190.33 128.19 1400.20|
-189.18 128.20 1399.82|
-188.03 128.20 1399.46|
-186.88 128.20 1399.12|
-185.73 128.20 1398.79|
-184.58 128.20 1398.48|
-183.43 128.20 1398.19|
-182.29 128.19 1397.92|
-181.14 128.19 1397.67|
-179.99 128.19 1397.43|
-178.85 128.18 1397.21|
-177.70 128.17 1397.01|
-176.55 128.16 1396.83|
-175.41 128.15 1396.66|
-174.26 128.13 1396.51|
-173.12 128.11 1396.38|
-171.97 128.09 1396.27|
-170.83 128.06 1396.17|
-169.69 128.03 1396.09|
-168.54 128.00 1396.03|
-167.40 127.97 1395.99|
-166.26 127.93 1395.97|
-165.12 127.90 1395.96|
-163.98 127.86 1395.97|
-162.84 127.82 1396.00|
-161.70 127.77 1396.05|
-160.56 127.73 1396.11|
-159.42 127.68 1396.19|
-158.28 127.62 1396.29|
-157.14 127.57 1396.41|
-156.00 127.51 1396.54|
-154.87 127.45 1396.69|
-153.73 127.39 1396.86|
-152.59 127.33 1397.05|
-151.46 127.26 1397.26|
-150.32 127.19 1397.48|
-149.18 127.12 1397.72|
-148.05 127.04 1397.98|
-146.91 126.97 1398.25|
-145.78 126.88 1398.55|
-144.65 126.80 1398.86|
-143.51 126.71 1399.19|
-142.38 126.62 1399.53|
-141.25 126.52 1399.90|
-140.12 126.42 1400.28|
-138.99 126.32 1400.68|
-137.86 126.22 1401.10|
-136.72 126.11 1401.53|
-135.59 126.01 1401.98|
-134.47 125.90 1402.46|
-133.34 125.78 1402.94|
-132.38 125.69 1403.37|
-166.23 125.45 1276.26|
-166.83 125.36 1277.52|
-167.48 125.28 1278.67|
-168.20 125.22 1279.71|
-168.97 125.16 1280.65|
-169.81 125.11 1281.49|
-170.70 125.08 1282.22|
-171.66 125.06 1282.84|
-172.67 125.05 1283.36|
-173.75 125.05 1283.78|
-174.88 125.07 1284.08|
-176.08 125.10 1284.29|
-177.64 125.11 1284.74|
-179.17 125.12 1285.17|
-180.67 125.12 1285.58|
-182.15 125.12 1285.97|
-183.59 125.12 1286.34|
-185.01 125.12 1286.69|
-186.39 125.11 1287.01|
-187.75 125.10 1287.31|
-189.07 125.09 1287.59|
-190.37 125.08 1287.85|
-191.64 125.07 1288.09|
-192.88 125.06 1288.31|
-194.09 125.05 1288.50|
-195.27 125.04 1288.68|
-196.42 125.02 1288.83|
-197.54 125.01 1288.96|
-198.63 125.00 1289.07|
-199.69 124.99 1289.15|
-200.59 124.98 1289.21|
-201.58 124.96 1289.37|
-202.57 124.95 1289.46|
-203.57 124.94 1289.49|
-204.57 124.94 1289.45|
-205.58 124.94 1289.34|
-206.59 124.94 1289.17|
-207.61 124.95 1288.93|
-208.63 124.97 1288.63|
-209.66 124.99 1288.26|
-210.69 125.01 1287.82|
-211.73 125.04 1287.32|
-212.77 125.08 1286.76|
-213.82 125.11 1286.12|
-214.87 125.15 1285.42|
-215.93 125.20 1284.66|
-216.99 125.24 1283.83|
-218.06 125.30 1282.93|
-219.13 125.35 1281.97|
-220.21 125.41 1280.94|
-221.29 125.47 1279.84|
-222.38 125.54 1278.68|
-223.36 125.59 1277.59|
-224.65 125.64 1276.41|
-225.92 125.68 1275.25|
-227.18 125.71 1274.11|
-228.42 125.73 1272.99|
-229.64 125.75 1271.89|
-230.86 125.77 1270.82|
-232.05 125.77 1269.76|
-233.23 125.77 1268.73|
-234.40 125.76 1267.71|
-235.55 125.74 1266.72|
-236.68 125.72 1265.75|
-237.80 125.70 1264.79|
-238.90 125.67 1263.86|
-239.99 125.64 1262.95|
-241.06 125.60 1262.07|
-242.12 125.56 1261.20|
-243.16 125.52 1260.35|
-244.19 125.47 1259.52|
-245.20 125.43 1258.72|
-246.20 125.38 1257.93|
-247.18 125.33 1257.17|
-248.14 125.29 1256.43|
-249.09 125.24 1255.71|
-250.03 125.19 1255.01|
-250.94 125.14 1254.33|
-251.85 125.09 1253.67|
-252.74 125.04 1253.03|
-253.61 124.99 1252.41|
-254.46 124.94 1251.81|
-255.31 124.89 1251.24|
-256.13 124.84 1250.68|
-256.94 124.79 1250.15|
-257.74 124.74 1249.64|
-258.52 124.69 1249.15|
-258.65 124.68 1249.06|
-259.29 124.65 1248.45|
-259.94 124.62 1247.85|
-260.59 124.59 1247.27|
-261.25 124.56 1246.70|
-261.92 124.52 1246.15|
-262.60 124.49 1245.61|
-263.28 124.45 1245.09|
-263.97 124.41 1244.58|
-264.67 124.37 1244.09|
-265.37 124.33 1243.62|
-266.08 124.28 1243.16|
-266.80 124.24 1242.72|
-267.52 124.19 1242.29|
-268.25 124.14 1241.88|
-268.99 124.10 1241.48|
-269.74 124.05 1241.10|
-270.49 124.00 1240.73|
-271.25 123.95 1240.38|
-272.01 123.90 1240.05|
-272.78 123.85 1239.73|
-273.56 123.79 1239.42|
-274.35 123.74 1239.13|
-275.15 123.68 1238.86|
-275.95 123.63 1238.60|
-276.75 123.57 1238.36|
-277.57 123.52 1238.14|
-278.39 123.46 1237.92|
-279.22 123.40 1237.73|
-280.05 123.35 1237.55|
-280.90 123.29 1237.38|
-281.75 123.23 1237.24|
-282.60 123.17 1237.10|
-283.47 123.12 1236.98|
-284.34 123.06 1236.88|
-285.21 123.00 1236.79|
-286.10 122.94 1236.72|
-286.99 122.89 1236.67|
-287.89 122.83 1236.63|
-288.79 122.78 1236.60|
-289.71 122.73 1236.59|
-290.62 122.67 1236.60|
-291.55 122.62 1236.62|
-292.48 122.57 1236.66|
-293.42 122.52 1236.71|
-294.37 122.47 1236.78|
-295.32 122.43 1236.86|
-296.29 122.38 1236.96|
-297.25 122.33 1237.07|
-298.23 122.29 1237.21|
-299.21 122.25 1237.35|
-300.20 122.21 1237.51|
-301.19 122.17 1237.69|
-302.20 122.13 1237.88|
-303.21 122.09 1238.09|
-304.42 122.03 1238.64|
-305.63 121.98 1239.19|
-306.84 121.93 1239.75|
-308.05 121.88 1240.31|
-309.26 121.84 1240.87|
-310.46 121.79 1241.44|
-311.67 121.75 1242.01|
-312.87 121.72 1242.58|
-314.07 121.68 1243.15|
-315.27 121.65 1243.72|
-316.47 121.62 1244.30|
-317.67 121.59 1244.88|
-318.87 121.56 1245.46|
-320.06 121.53 1246.05|
-321.26 121.50 1246.64|
-322.45 121.48 1247.23|
-323.64 121.45 1247.82|
-324.83 121.43 1248.42|
-326.02 121.41 1249.01|
-327.21 121.39 1249.61|
-328.39 121.37 1250.22|
-329.58 121.36 1250.82|
-330.76 121.34 1251.43|
-331.94 121.33 1252.04|
-333.12 121.32 1252.66|
-334.30 121.31 1253.27|
-335.48 121.30 1253.89|
-336.66 121.29 1254.51|
-337.84 121.28 1255.14|
-339.01 121.28 1255.76|
-340.18 121.28 1256.39|
-341.36 121.28 1257.02|
-342.53 121.28 1257.66|
-343.70 121.29 1258.29|
-344.86 121.29 1258.93|
-346.03 121.29 1259.57|
-347.20 121.30 1260.22|
-348.36 121.31 1260.86|
-349.52 121.32 1261.51|
-350.68 121.33 1262.17|
-351.84 121.34 1262.82|
-353.00 121.35 1263.48|
-354.16 121.36 1264.14|
-355.32 121.37 1264.80|
-356.47 121.38 1265.46|
-357.63 121.38 1266.13|
-358.78 121.38 1266.80|
-359.93 121.38 1267.47|
-361.08 121.38 1268.15|
-362.23 121.38 1268.83|
-363.37 121.38 1269.51|
-364.52 121.37 1270.19|
-365.66 121.35 1270.87|
-366.81 121.34 1271.56|
-367.95 121.33 1272.25|
-368.08 121.33 1272.33|
-369.47 121.31 1273.39|
-370.62 121.29 1274.27|
-376.97 121.10 1275.18|
</vertices>
</customField>
