<?xml version="1.0" encoding="utf-8" standalone="no"?>
<customField name="CP-1">
    <vertices>
-540.36 120.26 1510.88|
-537.95 120.29 1509.10|
-535.53 120.34 1507.32|
-533.12 120.40 1505.54|
-529.56 120.53 1502.91|
-526.89 120.68 1501.54|
-524.22 120.84 1500.16|
-521.56 121.00 1498.78|
-518.89 121.16 1497.41|
-516.23 121.32 1496.03|
-511.92 121.57 1493.81|
-509.54 121.69 1491.98|
-507.16 121.80 1490.15|
-504.79 121.90 1488.32|
-502.41 122.00 1486.49|
-500.03 122.08 1484.66|
-497.13 122.16 1482.43|
-494.63 122.23 1480.77|
-492.14 122.28 1479.10|
-489.64 122.33 1477.44|
-487.14 122.37 1475.78|
-484.65 122.39 1474.11|
-481.77 122.39 1472.19|
-479.31 122.37 1470.47|
-476.86 122.33 1468.74|
-474.40 122.28 1467.02|
-471.95 122.21 1465.29|
-469.50 122.13 1463.57|
-467.04 122.05 1461.84|
-464.59 121.96 1460.12|
-460.72 121.82 1457.40|
-458.14 121.74 1455.88|
-455.55 121.66 1454.35|
-452.97 121.58 1452.83|
-450.38 121.51 1451.31|
-447.80 121.45 1449.78|
-445.21 121.38 1448.26|
-442.63 121.32 1446.73|
-438.53 121.22 1444.32|
-435.96 121.16 1442.77|
-433.39 121.10 1441.23|
-430.82 121.05 1439.69|
-428.24 121.01 1438.14|
-424.31 120.98 1435.78|
-421.75 120.97 1434.22|
-419.19 120.97 1432.65|
-416.63 120.99 1431.09|
-414.07 121.01 1429.53|
-411.19 121.06 1428.68|
-408.31 121.11 1427.83|
-404.40 121.21 1426.68|
-401.43 121.31 1426.22|
-397.00 121.50 1425.54|
-394.25 121.65 1424.36|
-389.04 122.00 1422.13|
-387.60 122.14 1419.50|
-386.17 122.29 1416.86|
-384.73 122.44 1414.23|
-382.21 122.70 1409.61|
-381.18 122.81 1406.80|
-380.15 122.91 1403.98|
-379.11 122.99 1401.16|
-378.08 123.05 1398.35|
-377.05 123.09 1395.53|
-375.96 123.12 1392.55|
-375.19 123.12 1389.65|
-374.42 123.11 1386.75|
-373.65 123.11 1383.85|
-372.88 123.09 1380.95|
-372.12 123.08 1378.05|
-370.84 123.03 1373.21|
-370.07 122.98 1370.30|
-369.31 122.92 1367.40|
-367.99 122.79 1362.40|
-366.42 122.73 1359.84|
-363.44 122.61 1355.00|
-361.06 122.57 1353.17|
-358.68 122.52 1351.34|
-356.04 122.45 1349.31|
-353.24 122.38 1348.24|
-348.65 122.22 1346.47|
-349.67 122.15 1343.65|
-350.69 122.08 1340.83|
-351.71 122.02 1338.01|
-352.74 121.95 1335.19|
-353.76 121.90 1332.36|
-354.78 121.84 1329.54|
-355.80 121.79 1326.72|
-356.82 121.75 1323.90|
-357.84 121.71 1321.08|
-358.87 121.69 1318.26|
-359.89 121.67 1315.44|
-360.91 121.65 1312.62|
-361.93 121.64 1309.80|
-362.95 121.62 1306.98|
-363.97 121.60 1304.16|
-365.00 121.57 1301.34|
-366.02 121.54 1298.52|
-367.04 121.51 1295.70|
-368.06 121.48 1292.87|
-369.08 121.44 1290.05|
-370.10 121.41 1287.23|
-371.12 121.37 1284.41|
-372.15 121.32 1281.59|
-373.17 121.27 1278.77|
-374.82 121.16 1274.22|
-377.72 121.04 1273.45|
-383.35 120.76 1271.94|
-385.99 120.59 1270.52|
-390.75 120.28 1267.96|
-392.87 120.10 1265.84|
-394.99 119.93 1263.72|
-397.11 119.76 1261.60|
-399.23 119.61 1259.48|
-401.35 119.48 1257.35|
-403.83 119.35 1254.88|
-406.39 119.28 1253.30|
-408.94 119.24 1251.73|
-411.50 119.22 1250.16|
-414.05 119.24 1248.59|
-418.62 119.36 1245.77|
-421.45 119.50 1244.78|
-424.28 119.66 1243.78|
-427.11 119.86 1242.78|
-429.94 120.09 1241.78|
-432.77 120.35 1240.78|
-437.96 120.89 1238.95|
-440.89 121.19 1238.27|
-443.81 121.51 1237.60|
-446.73 121.82 1236.92|
-449.66 122.14 1236.25|
-452.58 122.44 1235.57|
-455.50 122.74 1234.90|
-458.43 123.03 1234.23|
-461.35 123.30 1233.55|
-464.27 123.56 1232.88|
-467.55 123.82 1232.12|
-470.39 124.01 1231.15|
-473.23 124.17 1230.19|
-476.06 124.30 1229.22|
-478.90 124.39 1228.25|
-481.74 124.45 1227.28|
-484.58 124.48 1226.31|
-487.42 124.47 1225.34|
-492.58 124.41 1223.59|
-495.26 124.33 1222.25|
-497.94 124.24 1220.90|
-500.63 124.15 1219.56|
-503.31 124.05 1218.22|
-505.99 123.95 1216.88|
-508.68 123.85 1215.54|
-511.36 123.75 1214.20|
-514.20 123.65 1212.78|
-516.20 123.52 1210.55|
-518.21 123.40 1208.32|
-520.22 123.30 1206.09|
-522.22 123.22 1203.86|
-524.23 123.16 1201.63|
-526.24 123.12 1199.40|
-529.56 123.11 1195.71|
-531.75 123.13 1193.67|
-533.94 123.16 1191.62|
-538.09 123.22 1187.75|
-541.08 123.26 1187.54|
-544.07 123.33 1187.33|
-546.07 123.39 1186.29|
-549.71 123.54 1185.91|
-553.55 123.68 1185.41|
-556.92 123.81 1185.79|
-560.14 123.86 1185.99|
-563.32 123.85 1186.01|
-566.38 123.79 1186.36|
-570.15 123.67 1187.44|
-574.04 123.56 1187.20|
-577.40 123.44 1187.94|
-580.69 123.37 1188.11|
-583.46 123.34 1188.21|
-585.88 123.34 1189.45|
-588.87 123.35 1189.69|
-591.86 123.36 1189.93|
-594.85 123.38 1190.17|
-600.76 123.39 1190.07|
-603.78 123.43 1191.21|
-608.07 123.47 1192.27|
-612.67 123.54 1194.41|
-615.35 123.60 1196.13|
-617.31 123.66 1198.00|
-619.79 123.75 1200.74|
-621.88 123.83 1203.41|
-624.62 123.94 1207.02|
-626.41 124.00 1209.44|
-627.97 124.06 1211.79|
-629.11 124.09 1213.35|
-630.49 124.14 1215.96|
-632.17 124.17 1218.97|
-633.43 124.19 1221.70|
-634.80 124.18 1224.66|
-636.08 124.16 1227.85|
-637.69 124.06 1232.46|
-638.41 123.97 1235.74|
-639.50 123.84 1239.02|
-640.00 123.69 1243.28|
-640.24 123.57 1246.20|
-640.07 123.45 1249.38|
-639.35 123.32 1253.17|
-639.01 123.20 1256.23|
-637.96 123.08 1259.80|
-637.10 122.98 1262.93|
-635.80 122.92 1265.52|
-634.30 122.84 1268.91|
-632.97 122.79 1271.81|
-631.37 122.72 1275.31|
-629.14 122.71 1278.47|
-627.83 122.69 1280.86|
-626.26 122.70 1283.05|
-624.30 122.72 1285.63|
-622.28 122.75 1287.87|
-620.60 122.75 1290.35|
-618.91 122.74 1292.84|
-617.23 122.73 1295.32|
-615.55 122.71 1297.80|
-613.86 122.69 1300.28|
-611.48 122.67 1303.80|
-609.85 122.63 1306.32|
-608.22 122.60 1308.84|
-606.60 122.57 1311.36|
-604.97 122.53 1313.88|
-603.34 122.50 1316.41|
-600.10 122.44 1321.44|
-598.72 122.36 1324.10|
-597.35 122.27 1326.77|
-595.97 122.20 1329.43|
-594.59 122.11 1332.10|
-593.22 122.03 1334.77|
-591.00 121.91 1339.07|
-589.71 121.72 1342.32|
-588.59 121.53 1345.31|
-588.23 121.11 1348.75|
-587.78 120.81 1351.33|
-587.57 120.34 1354.66|
-587.33 119.78 1358.50|
-587.58 119.19 1361.80|
-587.65 118.69 1364.85|
-588.15 117.79 1369.79|
-588.82 117.19 1372.72|
-589.48 116.60 1375.64|
-590.15 116.05 1378.57|
-591.00 115.38 1382.31|
-591.65 114.90 1385.23|
-592.31 114.45 1388.16|
-592.97 114.03 1391.09|
-593.63 113.65 1394.02|
-594.29 113.32 1396.94|
-594.95 113.01 1399.87|
-596.12 112.56 1405.06|
-596.66 112.36 1408.01|
-597.20 112.19 1410.96|
-597.74 112.03 1413.91|
-598.29 111.90 1416.87|
-598.83 111.78 1419.82|
-599.37 111.69 1422.77|
-599.92 111.62 1425.72|
-600.46 111.56 1428.67|
-601.00 111.53 1431.62|
-601.54 111.52 1434.57|
-602.09 111.52 1437.52|
-602.63 111.55 1440.47|
-603.17 111.59 1443.42|
-603.72 111.66 1446.37|
-604.26 111.76 1449.32|
-604.80 111.88 1452.27|
-605.34 112.02 1455.22|
-605.89 112.17 1458.17|
-606.43 112.35 1461.12|
-606.97 112.54 1464.07|
-607.52 112.75 1467.02|
-608.06 112.97 1469.97|
-608.60 113.21 1472.92|
-609.20 113.47 1476.17|
-609.87 113.82 1480.19|
-609.95 114.26 1484.69|
-610.02 114.59 1488.06|
-609.97 114.87 1490.93|
-609.75 115.18 1493.91|
-608.63 115.68 1498.36|
-606.89 116.00 1500.80|
-605.14 116.31 1503.24|
-602.94 116.69 1506.33|
-600.41 116.94 1507.94|
-596.68 117.29 1510.31|
-594.00 117.50 1511.65|
-591.32 117.72 1512.99|
-586.44 118.12 1515.43|
-583.50 118.28 1515.98|
-580.55 118.45 1516.53|
-577.34 118.65 1517.13|
-574.43 118.86 1517.86|
-571.52 119.08 1518.59|
-565.96 119.52 1519.98|
-562.98 119.66 1519.63|
-560.01 119.80 1519.28|
-556.29 119.98 1518.84|
-553.52 120.03 1517.69|
-549.47 120.12 1516.00|
</vertices>
</customField>
