<?xml version="1.0" encoding="utf-8" standalone="no"?>
<customField name="CP-3">
    <vertices>
-168.42 125.24 1279.59|
-167.69 124.91 1282.50|
-166.96 124.58 1285.41|
-166.23 124.27 1288.32|
-165.50 123.99 1291.23|
-164.77 123.73 1294.14|
-164.04 123.50 1297.05|
-163.31 123.30 1299.96|
-162.58 123.13 1302.87|
-161.85 123.00 1305.78|
-161.11 122.89 1308.69|
-160.38 122.82 1311.60|
-159.65 122.78 1314.51|
-158.92 122.77 1317.42|
-158.19 122.79 1320.33|
-157.46 122.83 1323.24|
-156.73 122.89 1326.15|
-156.00 122.96 1329.06|
-155.27 123.06 1331.97|
-154.54 123.17 1334.88|
-153.81 123.28 1337.79|
-153.08 123.39 1340.70|
-152.35 123.50 1343.61|
-151.61 123.61 1346.52|
-150.88 123.71 1349.43|
-150.15 123.81 1352.34|
-149.42 123.92 1355.24|
-148.69 124.03 1358.15|
-147.96 124.14 1361.06|
-147.23 124.26 1363.97|
-146.50 124.39 1366.88|
-145.77 124.52 1369.79|
-145.04 124.67 1372.70|
-144.31 124.82 1375.61|
-143.58 124.98 1378.52|
-142.85 125.15 1381.43|
-142.11 125.31 1384.34|
-141.38 125.48 1387.25|
-140.65 125.64 1390.16|
-139.92 125.80 1393.07|
-139.19 125.96 1395.98|
-138.46 126.11 1398.89|
-137.70 126.26 1401.91|
-136.54 126.16 1402.41|
-135.40 126.05 1402.94|
-134.28 125.95 1403.48|
-133.19 125.84 1404.03|
-132.13 125.74 1404.60|
-131.09 125.64 1405.18|
-130.08 125.54 1405.78|
-129.09 125.45 1406.39|
-128.13 125.36 1407.01|
-127.20 125.27 1407.65|
-126.29 125.18 1408.30|
-125.40 125.10 1408.97|
-124.54 125.01 1409.66|
-123.71 124.94 1410.35|
-122.91 124.87 1411.07|
-122.12 124.80 1411.79|
-121.37 124.73 1412.53|
-120.64 124.67 1413.29|
-119.94 124.61 1414.06|
-119.26 124.55 1414.84|
-118.61 124.50 1415.64|
-117.98 124.45 1416.45|
-117.38 124.42 1417.28|
-116.80 124.38 1418.12|
-116.25 124.34 1418.98|
-115.73 124.31 1419.85|
-115.23 124.29 1420.73|
-114.76 124.27 1421.63|
-114.31 124.26 1422.55|
-113.89 124.25 1423.48|
-113.49 124.25 1424.42|
-113.12 124.25 1425.38|
-112.78 124.25 1426.35|
-112.46 124.26 1427.33|
-112.17 124.28 1428.34|
-111.90 124.30 1429.35|
-111.66 124.32 1430.38|
-111.45 124.36 1431.42|
-111.26 124.39 1432.48|
-111.09 124.44 1433.56|
-110.95 124.48 1434.64|
-110.84 124.54 1435.75|
-110.75 124.59 1436.86|
-110.69 124.66 1437.99|
-110.66 124.72 1439.14|
-110.65 124.80 1440.30|
-110.66 124.87 1441.47|
-110.70 124.96 1442.66|
-110.77 125.04 1443.86|
-110.86 125.14 1445.08|
-110.98 125.23 1446.31|
-111.12 125.32 1447.56|
-111.29 125.42 1448.82|
-111.49 125.53 1450.10|
-111.71 125.63 1451.39|
-111.96 125.73 1452.69|
-112.23 125.85 1454.01|
-112.53 125.95 1455.34|
-112.67 126.01 1455.95|
-113.81 126.30 1458.73|
-114.94 126.57 1461.50|
-116.08 126.83 1464.28|
-117.22 127.07 1467.06|
-118.35 127.28 1469.83|
-119.49 127.47 1472.61|
-120.62 127.64 1475.39|
-121.76 127.79 1478.16|
-122.89 127.92 1480.94|
-124.03 128.03 1483.72|
-125.17 128.12 1486.49|
-126.30 128.19 1489.27|
-128.03 128.29 1493.50|
-128.58 128.32 1494.60|
-129.10 128.34 1495.70|
-129.60 128.36 1496.80|
-130.06 128.37 1497.88|
-130.49 128.38 1498.97|
-130.90 128.38 1500.04|
-131.28 128.37 1501.11|
-131.62 128.36 1502.18|
-131.94 128.35 1503.23|
-132.23 128.32 1504.29|
-132.49 128.30 1505.33|
-132.72 128.27 1506.37|
-132.92 128.24 1507.41|
-133.10 128.20 1508.43|
-133.24 128.15 1509.46|
-133.36 128.10 1510.47|
-133.44 128.05 1511.48|
-133.50 128.00 1512.49|
-133.53 127.94 1513.49|
-133.52 127.87 1514.48|
-133.49 127.81 1515.46|
-133.43 127.74 1516.45|
-133.35 127.67 1517.42|
-133.23 127.59 1518.39|
-133.08 127.51 1519.35|
-132.91 127.43 1520.31|
-132.70 127.34 1521.26|
-132.47 127.26 1522.20|
-132.20 127.17 1523.14|
-131.91 127.08 1524.07|
-131.59 126.99 1525.00|
-131.24 126.89 1525.92|
-130.86 126.79 1526.84|
-130.45 126.69 1527.75|
-130.02 126.59 1528.65|
-129.55 126.48 1529.55|
-129.05 126.37 1530.44|
-128.53 126.26 1531.32|
-127.98 126.15 1532.20|
-127.39 126.03 1533.07|
-126.78 125.91 1533.94|
-126.14 125.80 1534.80|
-125.47 125.67 1535.66|
-124.77 125.55 1536.51|
-124.04 125.42 1537.35|
-123.29 125.30 1538.19|
-122.50 125.17 1539.02|
-121.68 125.04 1539.84|
-120.84 124.90 1540.66|
-119.97 124.76 1541.48|
-119.06 124.63 1542.28|
-118.13 124.49 1543.09|
-117.17 124.34 1543.88|
-116.18 124.19 1544.67|
-115.16 124.04 1545.46|
-114.12 123.89 1546.23|
-113.04 123.74 1547.00|
-111.93 123.58 1547.77|
-110.80 123.42 1548.53|
-109.63 123.26 1549.28|
-108.44 123.10 1550.03|
-108.26 123.08 1550.14|
-107.13 122.96 1550.59|
-106.01 122.83 1551.03|
-104.88 122.71 1551.47|
-103.75 122.59 1551.92|
-102.61 122.47 1552.36|
-101.48 122.34 1552.81|
-100.35 122.22 1553.26|
-99.21 122.10 1553.70|
-98.07 121.98 1554.15|
-96.94 121.86 1554.60|
-95.80 121.74 1555.05|
-94.66 121.62 1555.51|
-93.51 121.51 1555.96|
-92.37 121.39 1556.41|
-91.22 121.28 1556.87|
-90.08 121.17 1557.32|
-88.93 121.06 1557.78|
-87.78 120.95 1558.23|
-86.63 120.84 1558.69|
-85.47 120.74 1559.15|
-84.32 120.63 1559.61|
-83.16 120.53 1560.07|
-82.01 120.43 1560.53|
-80.85 120.33 1560.99|
-79.69 120.24 1561.45|
-78.53 120.14 1561.92|
-77.37 120.05 1562.38|
-76.20 119.96 1562.85|
-75.04 119.87 1563.31|
-73.87 119.79 1563.78|
-72.70 119.70 1564.25|
-71.53 119.62 1564.72|
-70.36 119.53 1565.19|
-69.19 119.45 1565.66|
-68.02 119.37 1566.13|
-66.84 119.30 1566.60|
-65.67 119.23 1567.07|
-64.49 119.15 1567.55|
-63.31 119.08 1568.02|
-62.13 119.01 1568.50|
-60.95 118.93 1568.97|
-59.76 118.86 1569.45|
-58.58 118.80 1569.93|
-57.39 118.73 1570.41|
-56.20 118.66 1570.89|
-55.01 118.60 1571.37|
-53.82 118.53 1571.85|
-52.63 118.47 1572.34|
-51.44 118.41 1572.82|
-50.24 118.35 1573.30|
-49.05 118.29 1573.79|
-47.85 118.23 1574.27|
-46.65 118.18 1574.76|
-45.45 118.12 1575.25|
-44.25 118.07 1575.74|
-43.04 118.02 1576.23|
-41.84 117.97 1576.72|
-40.63 117.92 1577.21|
-39.43 117.87 1577.70|
-38.22 117.83 1578.19|
-37.01 117.79 1578.69|
-35.80 117.75 1579.18|
-34.58 117.71 1579.68|
-33.37 117.68 1580.17|
-32.15 117.65 1580.67|
-30.94 117.63 1581.17|
-29.72 117.60 1581.67|
-28.50 117.59 1582.17|
-27.28 117.57 1582.67|
-26.05 117.56 1583.17|
-24.83 117.55 1583.67|
-23.60 117.54 1584.18|
-22.38 117.54 1584.68|
-21.15 117.53 1585.19|
-19.92 117.53 1585.69|
-18.69 117.54 1586.20|
-17.45 117.55 1586.71|
-16.22 117.56 1587.22|
-14.98 117.57 1587.73|
-13.75 117.59 1588.24|
-12.51 117.61 1588.75|
-11.27 117.63 1589.26|
-10.03 117.65 1589.77|
-8.78 117.68 1590.29|
-7.54 117.71 1590.80|
-6.29 117.74 1591.32|
-5.05 117.78 1591.83|
-3.80 117.81 1592.35|
-2.55 117.85 1592.87|
-1.30 117.90 1593.39|
-0.05 117.94 1593.91|
1.21 117.99 1594.43|
2.46 118.03 1594.95|
3.72 118.08 1595.47|
4.98 118.14 1595.99|
6.24 118.19 1596.52|
7.50 118.25 1597.04|
8.76 118.30 1597.57|
10.02 118.36 1598.10|
11.29 118.43 1598.62|
12.56 118.49 1599.15|
13.82 118.55 1599.68|
15.09 118.62 1600.21|
16.36 118.69 1600.74|
17.64 118.76 1601.27|
18.91 118.83 1601.81|
20.18 118.90 1602.34|
21.46 118.98 1602.88|
22.74 119.05 1603.41|
24.02 119.13 1603.95|
25.30 119.20 1604.48|
26.58 119.28 1605.02|
27.86 119.35 1605.56|
29.15 119.42 1606.10|
30.43 119.49 1606.64|
31.72 119.56 1607.18|
33.01 119.63 1607.73|
34.30 119.69 1608.27|
35.59 119.75 1608.81|
36.89 119.81 1609.36|
38.18 119.87 1609.90|
39.48 119.92 1610.45|
40.77 119.98 1611.00|
42.07 120.02 1611.55|
43.37 120.06 1612.09|
44.68 120.11 1612.64|
45.98 120.15 1613.20|
47.28 120.18 1613.75|
48.59 120.22 1614.30|
49.90 120.25 1614.85|
51.20 120.28 1615.41|
52.52 120.30 1615.96|
53.83 120.32 1616.52|
55.14 120.34 1617.08|
56.45 120.36 1617.63|
57.77 120.37 1618.19|
59.09 120.38 1618.75|
60.41 120.39 1619.31|
61.73 120.39 1619.87|
63.05 120.39 1620.44|
64.37 120.39 1621.00|
65.69 120.39 1621.56|
67.02 120.38 1622.13|
68.35 120.38 1622.69|
69.67 120.37 1623.26|
71.00 120.36 1623.83|
72.34 120.34 1624.40|
73.67 120.33 1624.97|
75.00 120.32 1625.54|
76.34 120.30 1626.11|
77.67 120.29 1626.68|
79.01 120.27 1627.25|
80.31 120.26 1627.80|
81.42 120.26 1627.99|
82.53 120.26 1628.16|
83.65 120.26 1628.32|
84.77 120.26 1628.46|
85.90 120.26 1628.58|
87.03 120.26 1628.69|
88.16 120.27 1628.78|
89.29 120.27 1628.86|
90.43 120.28 1628.92|
91.58 120.28 1628.96|
92.72 120.29 1628.99|
93.87 120.30 1629.01|
95.02 120.31 1629.01|
96.18 120.32 1628.99|
97.34 120.33 1628.96|
98.51 120.35 1628.91|
99.67 120.36 1628.84|
100.84 120.37 1628.77|
102.02 120.39 1628.67|
103.19 120.40 1628.56|
104.38 120.42 1628.43|
105.56 120.43 1628.29|
106.75 120.44 1628.13|
107.94 120.46 1627.96|
109.14 120.47 1627.77|
110.33 120.48 1627.57|
111.54 120.48 1627.35|
112.74 120.49 1627.11|
113.95 120.50 1626.86|
115.16 120.52 1626.60|
116.38 120.53 1626.32|
117.60 120.54 1626.02|
118.82 120.56 1625.70|
120.05 120.57 1625.38|
121.28 120.58 1625.03|
122.51 120.60 1624.67|
123.75 120.61 1624.30|
124.99 120.63 1623.90|
126.24 120.64 1623.50|
127.49 120.66 1623.07|
128.74 120.67 1622.64|
129.99 120.69 1622.18|
131.25 120.70 1621.71|
132.51 120.72 1621.23|
133.78 120.74 1620.73|
135.05 120.75 1620.21|
136.32 120.76 1619.68|
137.59 120.77 1619.13|
138.87 120.77 1618.57|
140.16 120.77 1617.99|
141.44 120.77 1617.40|
142.73 120.76 1616.79|
144.03 120.75 1616.16|
145.32 120.73 1615.52|
146.62 120.71 1614.86|
147.93 120.69 1614.19|
149.23 120.67 1613.50|
150.55 120.64 1612.80|
151.29 120.62 1612.39|
153.89 120.56 1610.90|
156.50 120.50 1609.41|
159.10 120.44 1607.91|
161.70 120.38 1606.42|
164.30 120.32 1604.92|
166.90 120.26 1603.43|
169.50 120.21 1601.93|
172.10 120.17 1600.44|
174.70 120.14 1598.94|
177.31 120.11 1597.45|
179.91 120.09 1595.96|
182.51 120.09 1594.46|
185.11 120.10 1592.97|
187.71 120.12 1591.47|
190.31 120.15 1589.98|
192.91 120.20 1588.48|
195.52 120.25 1586.99|
198.12 120.32 1585.50|
200.72 120.40 1584.00|
203.32 120.49 1582.51|
205.92 120.59 1581.01|
208.52 120.70 1579.52|
211.12 120.81 1578.02|
213.72 120.94 1576.53|
216.33 121.06 1575.03|
218.93 121.18 1573.54|
221.53 121.30 1572.05|
224.13 121.42 1570.55|
226.73 121.53 1569.06|
231.51 121.73 1566.31|
232.47 121.77 1565.71|
233.45 121.81 1565.13|
234.43 121.84 1564.57|
235.42 121.88 1564.03|
236.42 121.91 1563.50|
237.42 121.94 1562.99|
238.43 121.97 1562.50|
239.45 122.00 1562.03|
240.48 122.03 1561.58|
241.52 122.05 1561.15|
242.56 122.07 1560.73|
243.61 122.08 1560.34|
244.67 122.10 1559.96|
245.73 122.11 1559.60|
246.80 122.12 1559.26|
247.88 122.13 1558.94|
248.97 122.13 1558.63|
250.07 122.13 1558.35|
251.17 122.13 1558.08|
252.28 122.13 1557.83|
253.40 122.12 1557.60|
254.52 122.10 1557.39|
255.66 122.09 1557.20|
256.80 122.06 1557.03|
257.95 122.04 1556.87|
259.10 122.01 1556.73|
260.27 121.98 1556.61|
261.44 121.95 1556.51|
262.62 121.92 1556.43|
263.80 121.88 1556.37|
264.99 121.85 1556.33|
266.20 121.81 1556.30|
267.40 121.77 1556.29|
268.62 121.72 1556.30|
269.84 121.68 1556.33|
271.08 121.63 1556.38|
272.31 121.58 1556.45|
273.56 121.53 1556.53|
274.81 121.48 1556.64|
276.08 121.43 1556.76|
277.34 121.38 1556.90|
278.62 121.32 1557.06|
279.90 121.26 1557.24|
281.20 121.20 1557.44|
282.50 121.14 1557.65|
283.80 121.08 1557.88|
285.12 121.02 1558.14|
286.44 120.95 1558.41|
287.77 120.89 1558.70|
289.10 120.82 1559.00|
290.45 120.75 1559.33|
291.80 120.68 1559.68|
293.16 120.60 1560.04|
294.53 120.53 1560.42|
295.90 120.46 1560.82|
297.28 120.39 1561.24|
298.67 120.31 1561.68|
300.07 120.21 1562.13|
301.48 120.09 1562.61|
302.89 120.07 1563.10|
304.31 119.99 1563.61|
305.46 119.91 1564.04|
308.09 119.75 1565.48|
310.72 119.45 1566.93|
313.35 119.29 1568.37|
315.98 119.24 1569.82|
318.61 118.88 1571.26|
321.24 118.81 1572.71|
323.86 118.85 1574.16|
326.49 118.80 1575.60|
329.12 118.60 1577.05|
331.75 118.57 1578.49|
334.38 118.58 1579.94|
337.01 118.53 1581.38|
339.64 118.50 1582.83|
342.27 118.47 1584.27|
344.90 118.45 1585.72|
347.52 118.44 1587.16|
350.15 118.44 1588.61|
352.78 118.44 1590.05|
355.41 118.45 1591.50|
358.04 118.46 1592.94|
360.67 118.47 1594.39|
363.30 118.48 1595.83|
365.93 118.50 1597.28|
368.56 118.52 1598.72|
371.19 118.54 1600.17|
373.81 118.58 1601.61|
376.44 118.62 1603.06|
379.07 118.66 1604.51|
381.70 118.72 1605.95|
384.33 118.79 1607.40|
386.96 118.86 1608.84|
389.59 118.93 1610.29|
392.22 119.00 1611.73|
394.85 119.08 1613.18|
397.47 119.16 1614.62|
400.10 119.26 1616.07|
402.73 119.36 1617.51|
405.36 119.47 1618.96|
407.99 119.60 1620.40|
410.62 119.73 1621.85|
414.12 119.92 1623.77|
415.41 120.01 1624.30|
416.69 120.09 1624.80|
417.96 120.18 1625.28|
419.21 120.27 1625.73|
420.45 120.36 1626.16|
421.67 120.45 1626.56|
422.89 120.53 1626.93|
424.08 120.62 1627.28|
425.27 120.71 1627.60|
426.44 120.80 1627.90|
427.59 120.88 1628.18|
428.74 120.97 1628.42|
429.86 121.05 1628.64|
430.98 121.14 1628.84|
432.08 121.22 1629.01|
433.17 121.30 1629.16|
434.24 121.37 1629.28|
435.30 121.45 1629.37|
436.35 121.52 1629.44|
437.38 121.60 1629.48|
438.40 121.67 1629.50|
439.41 121.74 1629.49|
440.40 121.80 1629.46|
441.38 121.86 1629.40|
442.34 121.92 1629.32|
443.29 121.98 1629.21|
444.23 122.04 1629.07|
445.15 122.09 1628.91|
446.06 122.15 1628.72|
446.96 122.19 1628.51|
447.84 122.24 1628.27|
448.71 122.28 1628.01|
449.56 122.32 1627.72|
450.40 122.35 1627.41|
451.23 122.39 1627.07|
452.04 122.42 1626.70|
452.84 122.45 1626.31|
453.63 122.47 1625.90|
454.40 122.50 1625.46|
455.16 122.51 1624.99|
455.91 122.53 1624.50|
456.64 122.55 1623.98|
457.36 122.56 1623.44|
458.06 122.57 1622.87|
458.75 122.58 1622.27|
459.43 122.59 1621.65|
460.09 122.60 1621.01|
460.74 122.61 1620.34|
461.37 122.62 1619.64|
462.00 122.62 1618.92|
462.60 122.62 1618.17|
463.20 122.63 1617.40|
463.78 122.63 1616.60|
464.35 122.63 1615.77|
464.90 122.63 1614.93|
465.44 122.63 1614.05|
465.96 122.63 1613.15|
466.48 122.63 1612.22|
466.97 122.62 1611.27|
467.46 122.62 1610.30|
467.93 122.62 1609.29|
468.39 122.61 1608.26|
468.83 122.61 1607.21|
469.26 122.61 1606.13|
469.68 122.60 1605.03|
470.08 122.60 1603.90|
470.47 122.60 1602.74|
470.84 122.60 1601.56|
471.01 122.60 1601.02|
471.90 122.59 1598.15|
472.79 122.58 1595.29|
473.67 122.57 1592.42|
474.56 122.55 1589.56|
475.45 122.53 1586.69|
476.34 122.49 1583.82|
477.23 122.45 1580.96|
478.12 122.39 1578.09|
479.01 122.32 1575.23|
479.90 122.25 1572.36|
480.79 122.16 1569.50|
481.67 122.07 1566.63|
482.56 121.97 1563.77|
483.45 121.86 1560.90|
484.34 121.74 1558.04|
485.23 121.62 1555.17|
486.12 121.51 1552.31|
487.01 121.39 1549.44|
487.90 121.28 1546.58|
488.78 121.18 1543.71|
489.67 121.09 1540.84|
490.56 121.01 1537.98|
491.45 120.95 1535.11|
492.34 120.91 1532.25|
493.23 120.89 1529.38|
494.12 120.87 1526.52|
495.01 120.88 1523.65|
495.89 120.92 1520.79|
496.78 120.97 1517.92|
497.67 121.04 1515.06|
498.56 121.14 1512.19|
499.45 121.26 1509.33|
500.34 121.40 1506.46|
501.23 121.55 1503.60|
502.12 121.73 1500.73|
503.00 121.92 1497.86|
503.89 122.13 1495.00|
504.78 122.34 1492.13|
505.67 122.58 1489.27|
506.56 122.83 1486.40|
507.45 123.08 1483.54|
509.12 123.52 1478.14|
509.48 123.61 1477.03|
509.81 123.70 1475.92|
510.12 123.79 1474.81|
510.41 123.88 1473.70|
510.68 123.97 1472.60|
510.93 124.06 1471.49|
511.15 124.14 1470.39|
511.36 124.21 1469.29|
511.54 124.28 1468.18|
511.71 124.34 1467.08|
511.85 124.40 1465.98|
511.97 124.46 1464.88|
512.07 124.51 1463.79|
512.15 124.56 1462.69|
512.21 124.61 1461.59|
512.25 124.65 1460.50|
512.27 124.68 1459.40|
512.27 124.71 1458.31|
512.24 124.72 1457.22|
512.20 124.74 1456.13|
512.13 124.74 1455.04|
512.04 124.74 1453.95|
511.93 124.73 1452.86|
511.81 124.71 1451.77|
511.65 124.68 1450.69|
511.48 124.65 1449.60|
511.29 124.62 1448.52|
511.08 124.59 1447.43|
510.84 124.55 1446.35|
510.59 124.49 1445.27|
510.31 124.44 1444.19|
510.02 124.36 1443.11|
509.70 124.27 1442.03|
509.36 124.17 1440.95|
509.00 124.07 1439.87|
508.62 123.95 1438.80|
508.22 123.83 1437.72|
507.80 123.70 1436.65|
507.35 123.56 1435.58|
506.89 123.41 1434.51|
506.40 123.26 1433.43|
505.90 123.10 1432.36|
505.37 122.93 1431.30|
504.82 122.77 1430.23|
504.25 122.59 1429.16|
503.66 122.42 1428.09|
503.05 122.23 1427.03|
502.42 122.05 1425.96|
501.77 121.86 1424.90|
501.09 121.67 1423.84|
500.40 121.48 1422.78|
499.68 121.29 1421.72|
498.95 121.10 1420.66|
498.19 120.90 1419.60|
497.41 120.71 1418.54|
496.61 120.52 1417.49|
495.79 120.34 1416.43|
494.95 120.15 1415.38|
494.09 119.97 1414.32|
493.20 119.80 1413.27|
492.30 119.62 1412.22|
491.37 119.45 1411.17|
490.43 119.29 1410.12|
489.46 119.14 1409.07|
488.47 118.99 1408.02|
487.46 118.85 1406.98|
486.43 118.72 1405.93|
485.38 118.59 1404.88|
484.66 118.51 1404.18|
482.74 118.29 1401.88|
480.81 118.11 1399.58|
478.88 117.96 1397.28|
476.96 117.84 1394.98|
475.03 117.76 1392.68|
473.11 117.73 1390.38|
471.18 117.73 1388.08|
469.26 117.78 1385.78|
467.33 117.86 1383.48|
465.40 117.99 1381.18|
463.48 118.15 1378.88|
461.55 118.35 1376.58|
459.63 118.59 1374.28|
457.70 118.87 1371.98|
455.77 119.18 1369.68|
453.85 119.53 1367.38|
451.92 119.91 1365.08|
450.00 120.32 1362.78|
448.07 120.76 1360.48|
446.15 121.22 1358.18|
444.22 121.69 1355.88|
442.29 122.17 1353.57|
440.37 122.64 1351.27|
438.44 123.09 1348.97|
436.52 123.53 1346.67|
434.59 123.95 1344.37|
432.66 124.33 1342.07|
430.74 124.69 1339.77|
428.81 125.02 1337.47|
426.89 125.33 1335.17|
423.22 125.84 1330.79|
422.11 125.97 1329.62|
421.05 126.09 1328.45|
420.02 126.21 1327.29|
419.03 126.32 1326.13|
418.08 126.43 1324.97|
417.17 126.54 1323.82|
416.31 126.64 1322.68|
415.48 126.73 1321.54|
414.69 126.82 1320.40|
413.94 126.91 1319.27|
413.23 127.00 1318.15|
412.56 127.08 1317.03|
411.93 127.16 1315.91|
411.34 127.23 1314.80|
410.80 127.30 1313.69|
410.29 127.37 1312.59|
409.82 127.43 1311.50|
409.39 127.49 1310.40|
409.00 127.55 1309.32|
408.65 127.60 1308.24|
408.34 127.65 1307.16|
408.07 127.71 1306.09|
407.84 127.75 1305.02|
407.65 127.80 1303.96|
407.50 127.84 1302.90|
407.39 127.89 1301.85|
407.32 127.93 1300.80|
407.29 127.96 1299.76|
407.29 127.99 1298.94|
407.23 128.08 1295.94|
407.16 128.14 1292.94|
407.10 128.19 1289.94|
407.03 128.22 1286.94|
406.97 128.23 1283.94|
406.90 128.22 1280.94|
406.84 128.19 1277.94|
406.72 128.10 1272.77|
406.50 128.06 1271.50|
406.26 128.01 1270.25|
406.00 127.96 1269.03|
405.73 127.91 1267.83|
405.45 127.85 1266.65|
405.15 127.79 1265.50|
404.83 127.72 1264.38|
404.50 127.66 1263.27|
404.15 127.59 1262.20|
403.79 127.52 1261.14|
403.41 127.45 1260.11|
403.01 127.37 1259.11|
402.60 127.30 1258.12|
402.18 127.22 1257.16|
401.74 127.14 1256.23|
401.28 127.05 1255.32|
400.81 126.97 1254.43|
400.33 126.88 1253.57|
399.82 126.80 1252.73|
399.31 126.71 1251.92|
398.77 126.62 1251.13|
398.23 126.53 1250.37|
397.66 126.44 1249.62|
397.08 126.35 1248.91|
396.49 126.26 1248.21|
395.88 126.17 1247.54|
395.25 126.07 1246.90|
394.61 125.98 1246.28|
393.96 125.89 1245.68|
393.28 125.79 1245.10|
392.60 125.70 1244.55|
391.89 125.60 1244.03|
391.18 125.50 1243.53|
390.44 125.41 1243.05|
389.69 125.31 1242.60|
388.93 125.21 1242.17|
388.15 125.11 1241.76|
387.35 125.01 1241.38|
386.54 124.91 1241.03|
385.72 124.81 1240.69|
384.88 124.71 1240.38|
384.02 124.61 1240.10|
383.15 124.51 1239.84|
382.26 124.40 1239.60|
381.36 124.30 1239.39|
380.44 124.19 1239.20|
379.50 124.08 1239.04|
378.56 123.98 1238.89|
377.59 123.87 1238.78|
376.61 123.76 1238.69|
375.61 123.65 1238.62|
374.60 123.55 1238.57|
373.58 123.44 1238.55|
372.53 123.33 1238.56|
371.48 123.22 1238.58|
370.40 123.11 1238.64|
369.32 123.01 1238.71|
368.21 122.89 1238.81|
367.09 122.78 1238.94|
365.96 122.67 1239.08|
364.81 122.56 1239.26|
363.64 122.44 1239.45|
362.46 122.33 1239.67|
361.27 122.21 1239.92|
360.05 122.10 1240.18|
358.83 121.98 1240.48|
357.58 121.87 1240.79|
356.33 121.75 1241.13|
355.05 121.63 1241.50|
353.76 121.51 1241.89|
353.25 121.47 1242.05|
350.64 121.26 1243.53|
348.03 121.07 1245.01|
345.42 120.90 1246.49|
342.81 120.75 1247.97|
340.20 120.62 1249.45|
337.59 120.51 1250.93|
334.98 120.43 1252.41|
332.37 120.37 1253.89|
329.76 120.33 1255.37|
327.15 120.31 1256.85|
324.54 120.30 1258.33|
321.93 120.31 1259.81|
319.32 120.35 1261.29|
315.13 120.43 1263.67|
313.78 120.37 1263.69|
312.44 120.32 1263.70|
311.12 120.26 1263.69|
309.81 120.21 1263.66|
308.52 120.16 1263.62|
307.26 120.11 1263.56|
306.00 120.06 1263.47|
304.77 120.02 1263.37|
303.55 119.97 1263.25|
302.35 119.92 1263.12|
301.17 119.88 1262.96|
300.00 119.84 1262.79|
298.85 119.79 1262.60|
297.72 119.75 1262.39|
296.61 119.71 1262.16|
295.51 119.67 1261.91|
294.43 119.63 1261.65|
293.37 119.60 1261.36|
292.33 119.56 1261.06|
291.30 119.52 1260.74|
290.29 119.48 1260.40|
289.30 119.45 1260.05|
288.32 119.41 1259.67|
287.37 119.38 1259.28|
286.42 119.34 1258.87|
285.50 119.30 1258.44|
284.60 119.27 1257.99|
283.71 119.23 1257.53|
282.84 119.20 1257.04|
281.98 119.16 1256.54|
281.15 119.13 1256.02|
280.33 119.10 1255.48|
279.53 119.07 1254.93|
278.74 119.04 1254.35|
277.97 119.01 1253.76|
277.22 118.98 1253.15|
276.49 118.95 1252.52|
275.78 118.92 1251.87|
275.08 118.90 1251.20|
274.40 118.87 1250.52|
273.74 118.85 1249.82|
273.09 118.82 1249.09|
272.46 118.80 1248.35|
271.85 118.78 1247.60|
271.26 118.76 1246.82|
270.68 118.75 1246.03|
270.12 118.73 1245.21|
269.58 118.72 1244.38|
269.05 118.71 1243.54|
268.55 118.70 1242.67|
268.06 118.69 1241.78|
267.58 118.69 1240.88|
267.13 118.69 1239.96|
266.69 118.69 1239.02|
266.27 118.69 1238.06|
265.87 118.70 1237.08|
265.48 118.71 1236.09|
265.11 118.72 1235.07|
264.76 118.74 1234.04|
264.43 118.76 1232.99|
264.11 118.77 1231.92|
263.81 118.80 1230.84|
263.53 118.82 1229.73|
263.27 118.85 1228.61|
263.02 118.88 1227.47|
262.79 118.91 1226.31|
262.58 118.95 1225.13|
262.38 118.98 1223.94|
262.20 119.02 1222.72|
262.04 119.06 1221.49|
261.90 119.11 1220.24|
261.77 119.16 1218.97|
261.67 119.20 1217.69|
261.66 119.21 1217.59|
262.23 119.30 1214.64|
262.80 119.42 1211.69|
263.37 119.56 1208.75|
263.94 119.72 1205.80|
264.51 119.91 1202.86|
265.07 120.11 1199.91|
265.64 120.34 1196.97|
266.21 120.58 1194.02|
266.78 120.86 1191.08|
267.35 121.15 1188.13|
267.92 121.47 1185.19|
268.49 121.81 1182.24|
269.06 122.18 1179.29|
269.63 122.57 1176.35|
270.20 122.98 1173.40|
270.77 123.42 1170.46|
271.34 123.87 1167.51|
271.91 124.34 1164.57|
272.48 124.82 1161.62|
273.05 125.29 1158.68|
273.62 125.77 1155.73|
274.19 126.24 1152.79|
274.76 126.73 1149.84|
275.33 127.20 1146.89|
275.90 127.67 1143.95|
276.47 128.14 1141.00|
277.04 128.59 1138.06|
277.61 129.02 1135.11|
278.17 129.43 1132.17|
278.74 129.81 1129.22|
279.31 130.17 1126.28|
279.88 130.49 1123.33|
280.45 130.79 1120.39|
281.57 131.27 1114.62|
281.87 131.36 1113.53|
282.14 131.45 1112.43|
282.38 131.52 1111.33|
282.59 131.59 1110.23|
282.77 131.65 1109.13|
282.92 131.70 1108.02|
283.04 131.73 1106.91|
283.14 131.77 1105.80|
283.20 131.79 1104.69|
283.23 131.81 1103.57|
283.24 131.82 1102.45|
283.21 131.81 1101.32|
283.16 131.81 1100.19|
283.08 131.79 1099.06|
282.97 131.77 1097.93|
282.83 131.74 1096.79|
282.65 131.70 1095.65|
282.45 131.66 1094.51|
282.22 131.60 1093.36|
281.97 131.55 1092.21|
281.68 131.48 1091.06|
281.36 131.41 1089.91|
281.01 131.34 1088.75|
280.64 131.26 1087.59|
280.23 131.17 1086.43|
279.80 131.07 1085.26|
279.33 130.98 1084.09|
278.84 130.87 1082.92|
278.32 130.77 1081.74|
277.76 130.66 1080.56|
277.18 130.56 1079.38|
276.57 130.45 1078.19|
275.93 130.33 1077.01|
275.26 130.22 1075.81|
274.56 130.11 1074.62|
273.84 130.01 1073.42|
273.08 129.90 1072.22|
272.29 129.80 1071.02|
271.48 129.71 1069.81|
270.63 129.62 1068.60|
269.76 129.53 1067.39|
268.85 129.45 1066.18|
268.48 129.42 1065.69|
267.86 129.38 1064.99|
267.23 129.33 1064.28|
266.58 129.30 1063.55|
265.91 129.26 1062.80|
265.22 129.23 1062.03|
264.52 129.19 1061.25|
263.81 129.17 1060.45|
263.07 129.14 1059.63|
262.33 129.12 1058.80|
261.56 129.11 1057.95|
260.78 129.09 1057.08|
259.99 129.09 1056.20|
259.17 129.09 1055.30|
258.35 129.10 1054.38|
257.50 129.11 1053.44|
256.64 129.13 1052.49|
255.76 129.16 1051.52|
254.87 129.20 1050.54|
253.96 129.25 1049.54|
253.04 129.30 1048.52|
252.10 129.36 1047.48|
251.14 129.43 1046.43|
250.17 129.52 1045.36|
249.18 129.61 1044.27|
248.18 129.72 1043.17|
247.16 129.83 1042.05|
246.12 129.95 1040.91|
245.07 130.07 1039.76|
244.00 130.21 1038.59|
242.92 130.33 1037.40|
241.82 130.47 1036.19|
240.70 130.60 1034.97|
239.57 130.73 1033.73|
238.42 130.86 1032.48|
237.25 130.98 1031.21|
236.85 131.02 1030.76|
236.13 131.09 1029.97|
235.39 131.15 1029.19|
234.63 131.22 1028.43|
233.85 131.27 1027.69|
233.05 131.32 1026.96|
232.24 131.37 1026.26|
231.40 131.41 1025.57|
230.55 131.44 1024.91|
229.68 131.48 1024.26|
228.79 131.50 1023.63|
227.88 131.53 1023.02|
226.95 131.54 1022.43|
226.00 131.55 1021.85|
225.04 131.57 1021.30|
224.05 131.57 1020.76|
223.05 131.58 1020.24|
222.03 131.58 1019.74|
220.99 131.58 1019.26|
219.93 131.58 1018.80|
218.85 131.58 1018.36|
217.75 131.57 1017.93|
216.63 131.56 1017.52|
215.50 131.54 1017.14|
214.34 131.53 1016.77|
213.17 131.50 1016.41|
211.98 131.48 1016.08|
210.77 131.45 1015.77|
209.54 131.42 1015.47|
208.29 131.38 1015.20|
207.03 131.35 1014.94|
205.74 131.31 1014.70|
204.44 131.26 1014.48|
203.11 131.22 1014.28|
201.77 131.17 1014.09|
200.41 131.11 1013.93|
199.03 131.05 1013.78|
197.63 130.99 1013.65|
196.21 130.93 1013.54|
194.78 130.86 1013.45|
193.32 130.80 1013.38|
191.85 130.72 1013.33|
190.36 130.65 1013.29|
188.85 130.58 1013.28|
187.32 130.50 1013.28|
185.77 130.42 1013.30|
184.20 130.35 1013.34|
183.72 130.32 1013.35|
182.54 130.25 1013.57|
181.34 130.18 1013.77|
180.13 130.11 1013.97|
178.90 130.05 1014.14|
177.66 129.99 1014.31|
176.40 129.94 1014.46|
175.12 129.89 1014.60|
173.84 129.85 1014.72|
172.53 129.81 1014.83|
171.22 129.77 1014.93|
169.88 129.74 1015.02|
168.53 129.71 1015.09|
167.17 129.69 1015.15|
165.79 129.68 1015.20|
164.40 129.67 1015.23|
162.99 129.66 1015.26|
161.57 129.66 1015.26|
160.13 129.67 1015.26|
158.67 129.67 1015.24|
157.82 129.68 1015.22|
156.78 129.72 1014.60|
155.72 129.76 1013.98|
154.67 129.81 1013.35|
153.60 129.85 1012.72|
152.53 129.89 1012.09|
151.46 129.94 1011.45|
150.37 129.98 1010.82|
149.29 130.02 1010.18|
148.19 130.07 1009.54|
147.09 130.12 1008.90|
145.98 130.16 1008.25|
144.87 130.21 1007.60|
143.75 130.26 1006.95|
142.63 130.31 1006.30|
141.50 130.35 1005.64|
140.36 130.40 1004.99|
139.22 130.45 1004.33|
138.07 130.51 1003.66|
136.91 130.56 1003.00|
135.75 130.62 1002.33|
134.59 130.68 1001.66|
133.41 130.74 1000.99|
132.23 130.80 1000.32|
131.05 130.87 999.64|
129.86 130.94 998.96|
128.66 131.01 998.28|
127.46 131.08 997.60|
126.25 131.16 996.91|
125.03 131.24 996.22|
123.81 131.33 995.53|
122.58 131.41 994.84|
121.35 131.50 994.14|
120.11 131.59 993.45|
118.86 131.68 992.75|
117.61 131.78 992.04|
116.35 131.88 991.34|
115.09 131.98 990.63|
114.81 132.00 990.48|
113.87 132.09 989.89|
112.91 132.17 989.33|
111.94 132.26 988.78|
110.94 132.34 988.24|
109.93 132.43 987.73|
108.90 132.51 987.23|
107.85 132.60 986.75|
106.79 132.68 986.28|
105.71 132.76 985.83|
104.60 132.84 985.40|
103.48 132.92 984.99|
102.35 132.99 984.59|
101.19 133.06 984.21|
100.02 133.13 983.84|
98.82 133.20 983.50|
97.61 133.26 983.17|
96.39 133.32 982.85|
95.14 133.37 982.55|
93.87 133.42 982.28|
92.59 133.46 982.01|
91.29 133.50 981.77|
89.97 133.53 981.54|
88.64 133.55 981.32|
87.28 133.56 981.13|
85.91 133.57 980.95|
84.52 133.56 980.79|
83.11 133.54 980.64|
81.68 133.51 980.52|
80.24 133.46 980.41|
78.78 133.40 980.31|
77.30 133.33 980.23|
75.80 133.25 980.17|
74.28 133.15 980.13|
72.75 133.03 980.10|
71.19 132.90 980.09|
71.02 132.89 980.09|
70.21 132.83 980.05|
69.37 132.77 980.02|
68.49 132.70 979.99|
67.58 132.63 979.97|
66.64 132.55 979.96|
65.66 132.46 979.95|
64.65 132.37 979.94|
63.60 132.27 979.94|
62.53 132.17 979.95|
61.42 132.06 979.96|
60.28 131.95 979.98|
59.10 131.83 980.00|
57.89 131.72 980.03|
56.65 131.60 980.06|
55.38 131.48 980.10|
54.07 131.35 980.14|
52.73 131.22 980.19|
51.35 131.10 980.25|
49.95 130.98 980.31|
48.51 130.85 980.38|
47.03 130.72 980.45|
45.53 130.58 980.53|
43.99 130.45 980.61|
42.41 130.33 980.70|
40.81 130.21 980.79|
39.17 130.09 980.89|
37.50 129.98 981.00|
35.79 129.87 981.11|
34.06 129.77 981.23|
32.28 129.68 981.35|
30.48 129.61 981.48|
28.64 129.56 981.61|
27.99 129.54 981.66|
26.91 129.50 981.79|
25.83 129.46 981.94|
24.75 129.43 982.12|
23.67 129.40 982.31|
22.58 129.37 982.53|
21.49 129.34 982.77|
20.40 129.32 983.04|
19.31 129.30 983.32|
18.21 129.28 983.63|
17.12 129.28 983.96|
16.02 129.27 984.31|
14.91 129.28 984.69|
13.81 129.29 985.08|
12.70 129.31 985.50|
11.59 129.34 985.94|
10.48 129.37 986.40|
9.36 129.42 986.89|
8.24 129.47 987.40|
7.12 129.52 987.93|
6.00 129.59 988.48|
4.88 129.67 989.05|
3.75 129.75 989.65|
2.62 129.85 990.27|
1.49 129.96 990.91|
0.35 130.08 991.57|
-0.78 130.21 992.26|
-1.92 130.35 992.97|
-3.07 130.51 993.70|
-4.21 130.67 994.45|
-5.36 130.84 995.22|
-6.51 131.02 996.02|
-7.66 131.22 996.84|
-8.81 131.42 997.68|
-9.97 131.62 998.54|
-11.13 131.84 999.43|
-12.29 132.06 1000.33|
-13.45 132.29 1001.26|
-14.62 132.52 1002.22|
-15.79 132.75 1003.19|
-16.96 132.98 1004.19|
-18.13 133.21 1005.21|
-19.31 133.44 1006.25|
-19.76 133.52 1006.65|
-20.69 133.69 1007.62|
-21.61 133.84 1008.59|
-22.51 133.98 1009.57|
-23.41 134.12 1010.55|
-24.29 134.24 1011.54|
-25.16 134.35 1012.53|
-26.03 134.46 1013.53|
-26.88 134.55 1014.54|
-27.72 134.63 1015.55|
-28.55 134.69 1016.57|
-29.37 134.75 1017.60|
-30.18 134.80 1018.63|
-30.97 134.82 1019.67|
-31.76 134.84 1020.71|
-32.54 134.84 1021.76|
-33.30 134.82 1022.82|
-34.06 134.80 1023.88|
-34.80 134.74 1024.94|
-35.54 134.69 1026.02|
-36.26 134.61 1027.10|
-36.97 134.52 1028.18|
-37.67 134.42 1029.28|
-38.36 134.30 1030.37|
-39.04 134.17 1031.48|
-39.71 134.03 1032.59|
-40.37 133.87 1033.71|
-41.01 133.69 1034.83|
-41.65 133.52 1035.96|
-42.28 133.32 1037.09|
-42.89 133.11 1038.23|
-43.50 132.88 1039.38|
-44.09 132.66 1040.53|
-44.67 132.41 1041.69|
-45.24 132.16 1042.85|
-45.80 131.90 1044.02|
-46.36 131.63 1045.20|
-46.89 131.35 1046.38|
-47.42 131.06 1047.57|
-47.94 130.77 1048.77|
-48.45 130.48 1049.97|
-48.95 130.17 1051.18|
-49.43 129.87 1052.39|
-49.91 129.56 1053.61|
-50.37 129.25 1054.84|
-50.82 128.94 1056.07|
-51.27 128.62 1057.30|
-51.70 128.31 1058.55|
-52.12 127.99 1059.80|
-52.53 127.68 1061.05|
-52.93 127.36 1062.32|
-53.28 127.08 1063.46|
-53.64 126.83 1064.52|
-54.01 126.57 1065.61|
-54.41 126.30 1066.73|
-54.82 126.03 1067.88|
-55.26 125.76 1069.06|
-55.71 125.49 1070.27|
-56.18 125.22 1071.51|
-56.67 124.94 1072.77|
-57.19 124.66 1074.07|
-57.72 124.39 1075.40|
-58.27 124.12 1076.76|
-58.84 123.85 1078.14|
-59.43 123.58 1079.56|
-60.04 123.32 1081.01|
-60.67 123.06 1082.48|
-61.32 122.81 1083.99|
-61.99 122.56 1085.52|
-62.68 122.33 1087.09|
-63.38 122.10 1088.68|
-64.11 121.88 1090.31|
-64.86 121.67 1091.96|
-65.62 121.49 1093.64|
-66.41 121.31 1095.36|
-67.16 121.17 1096.98|
-68.15 121.18 1096.81|
-69.17 121.19 1096.62|
-70.20 121.21 1096.41|
-71.26 121.23 1096.19|
-72.34 121.26 1095.95|
-73.44 121.29 1095.69|
-74.56 121.32 1095.41|
-75.71 121.35 1095.11|
-76.87 121.39 1094.80|
-78.06 121.43 1094.46|
-79.27 121.47 1094.11|
-80.50 121.52 1093.74|
-81.75 121.57 1093.36|
-83.03 121.62 1092.95|
-84.32 121.68 1092.53|
-85.64 121.74 1092.09|
-86.98 121.81 1091.63|
-88.34 121.89 1091.16|
-89.72 121.96 1090.66|
-91.13 122.05 1090.15|
-92.55 122.14 1089.62|
-94.00 122.23 1089.07|
-95.47 122.33 1088.51|
-96.96 122.43 1087.93|
-98.47 122.54 1087.32|
-100.01 122.66 1086.70|
-100.23 122.68 1086.61|
-101.65 122.81 1085.76|
-103.05 122.95 1084.95|
-104.43 123.08 1084.19|
-105.79 123.21 1083.46|
-107.14 123.35 1082.78|
-108.47 123.47 1082.15|
-109.78 123.60 1081.55|
-111.07 123.73 1081.00|
-112.34 123.85 1080.49|
-113.60 123.97 1080.03|
-114.84 124.09 1079.60|
-116.06 124.20 1079.22|
-117.27 124.31 1078.89|
-118.45 124.42 1078.59|
-119.62 124.52 1078.34|
-120.77 124.63 1078.14|
-121.90 124.72 1077.97|
-123.02 124.82 1077.85|
-124.12 124.92 1077.77|
-125.20 125.02 1077.73|
-126.26 125.11 1077.74|
-127.30 125.21 1077.79|
-128.33 125.30 1077.88|
-129.34 125.39 1078.02|
-130.33 125.48 1078.20|
-131.30 125.57 1078.42|
-132.26 125.66 1078.68|
-133.19 125.75 1078.99|
-134.11 125.84 1079.34|
-135.01 125.92 1079.73|
-135.90 126.01 1080.17|
-136.77 126.10 1080.65|
-136.98 126.12 1080.78|
-137.91 126.24 1080.95|
-138.80 126.35 1081.18|
-139.67 126.46 1081.48|
-140.52 126.57 1081.83|
-141.33 126.67 1082.23|
-142.11 126.78 1082.70|
-142.87 126.88 1083.22|
-143.60 126.98 1083.81|
-144.29 127.08 1084.45|
-144.96 127.18 1085.15|
-145.61 127.27 1085.91|
-146.22 127.36 1086.72|
-146.80 127.46 1087.60|
-147.36 127.55 1088.53|
-147.88 127.65 1089.52|
-148.38 127.74 1090.57|
-148.85 127.83 1091.68|
-149.29 127.91 1092.84|
-149.70 128.00 1094.07|
-150.09 128.08 1095.35|
-150.44 128.17 1096.69|
-150.77 128.25 1098.09|
-151.07 128.33 1099.55|
-151.33 128.41 1101.07|
-151.58 128.49 1102.64|
-151.79 128.57 1104.27|
-151.92 128.63 1105.51|
-151.95 128.65 1106.07|
-151.98 128.67 1106.65|
-152.01 128.69 1107.24|
-152.05 128.71 1107.85|
-152.08 128.74 1108.47|
-152.11 128.76 1109.11|
-152.14 128.79 1109.77|
-152.18 128.81 1110.44|
-152.21 128.84 1111.13|
-152.25 128.87 1111.83|
-152.28 128.89 1112.54|
-152.32 128.92 1113.28|
-152.36 128.95 1114.03|
-152.39 128.98 1114.79|
-152.43 129.00 1115.57|
-152.47 129.03 1116.37|
-152.51 129.06 1117.18|
-152.55 129.09 1118.01|
-152.59 129.12 1118.85|
-152.63 129.15 1119.71|
-152.68 129.18 1120.59|
-152.72 129.21 1121.48|
-152.76 129.24 1122.38|
-152.81 129.27 1123.31|
-152.85 129.30 1124.24|
-152.90 129.33 1125.20|
-152.94 129.36 1126.17|
-152.99 129.39 1127.15|
-153.04 129.42 1128.15|
-153.08 129.45 1129.17|
-153.13 129.48 1130.20|
-153.18 129.51 1131.25|
-153.23 129.54 1132.31|
-153.28 129.57 1133.39|
-153.33 129.60 1134.49|
-153.39 129.62 1135.60|
-153.44 129.65 1136.72|
-153.49 129.67 1137.87|
-153.55 129.69 1139.02|
-153.60 129.71 1140.20|
-153.66 129.73 1141.39|
-153.71 129.75 1142.59|
-153.77 129.76 1143.81|
-153.83 129.78 1145.05|
-153.88 129.80 1146.30|
-153.94 129.81 1147.57|
-154.00 129.82 1148.85|
-154.06 129.83 1150.15|
-154.12 129.84 1151.47|
-154.18 129.85 1152.80|
-154.24 129.86 1154.14|
-154.31 129.86 1155.51|
-154.37 129.86 1156.88|
-154.43 129.86 1158.28|
-154.50 129.86 1159.69|
-154.56 129.86 1161.11|
-154.63 129.85 1162.55|
-154.69 129.83 1164.01|
-154.76 129.83 1165.48|
-154.83 129.81 1166.97|
-154.90 129.80 1168.47|
-154.96 129.78 1169.99|
-155.03 129.76 1171.53|
-155.10 129.74 1173.08|
-155.17 129.72 1174.65|
-155.25 129.69 1176.23|
-155.32 129.66 1177.83|
-155.39 129.63 1179.44|
-155.46 129.59 1181.07|
-155.54 129.56 1182.71|
-155.61 129.52 1184.38|
-155.69 129.49 1186.05|
-155.76 129.45 1187.74|
-155.84 129.40 1189.45|
-155.92 129.36 1191.18|
-156.00 129.31 1192.92|
-156.07 129.26 1194.67|
-156.15 129.21 1196.44|
-156.23 129.16 1198.23|
-156.31 129.09 1200.03|
-156.39 129.04 1201.85|
-156.48 128.97 1203.68|
-156.56 128.91 1205.53|
-156.64 128.84 1207.40|
-156.73 128.77 1209.28|
-156.81 128.70 1211.17|
-156.89 128.62 1213.09|
-156.98 128.55 1215.01|
-157.07 128.47 1216.96|
-157.15 128.40 1218.92|
-157.24 128.32 1220.89|
-157.33 128.24 1222.88|
-157.42 128.16 1224.89|
-157.51 128.08 1226.91|
-157.60 127.99 1228.95|
-157.69 127.91 1231.01|
-157.78 127.82 1233.07|
-157.87 127.73 1235.16|
-157.96 127.63 1237.26|
-157.98 127.62 1237.57|
-157.99 127.55 1239.02|
-158.01 127.48 1240.45|
-158.06 127.41 1241.87|
-158.12 127.34 1243.29|
-158.20 127.27 1244.68|
-158.30 127.20 1246.07|
-158.42 127.13 1247.44|
-158.56 127.06 1248.80|
-158.71 127.00 1250.15|
-158.89 126.93 1251.49|
-159.08 126.86 1252.81|
-159.29 126.80 1254.12|
-159.52 126.73 1255.42|
-159.77 126.66 1256.71|
-160.04 126.60 1257.98|
-160.33 126.53 1259.25|
-160.63 126.46 1260.50|
-160.96 126.39 1261.74|
-161.30 126.32 1262.96|
-161.66 126.25 1264.17|
-162.04 126.18 1265.37|
-162.44 126.11 1266.56|
-162.86 126.04 1267.74|
-163.29 125.96 1268.90|
-163.75 125.89 1270.05|
-164.22 125.82 1271.19|
-164.71 125.75 1272.32|
-165.22 125.67 1273.43|
-165.75 125.60 1274.54|
-166.30 125.52 1275.63|
-166.86 125.45 1276.70|
-167.45 125.37 1277.77|
-167.86 125.32 1278.48|
</vertices>
</customField>
