<?xml version="1.0" encoding="utf-8" standalone="no"?>
<customField name="CP-1">
    <vertices>
201.07 86.01 -136.23|
203.90 85.98 -137.23|
206.73 85.97 -138.23|
209.56 85.97 -139.23|
212.39 85.97 -140.22|
215.22 85.97 -141.22|
218.05 85.97 -142.22|
220.88 85.97 -143.22|
223.70 85.97 -144.21|
226.53 85.97 -145.21|
229.36 85.97 -146.21|
232.19 85.97 -147.21|
235.02 85.97 -148.20|
237.85 85.97 -149.20|
240.68 85.97 -150.20|
243.51 85.98 -151.20|
246.34 85.98 -152.19|
249.17 85.98 -153.19|
252.00 85.98 -154.19|
254.83 85.98 -155.19|
257.66 85.98 -156.18|
260.49 85.99 -157.18|
263.31 85.99 -158.18|
266.14 86.00 -159.18|
268.97 86.00 -160.17|
271.80 86.01 -161.17|
274.63 86.02 -162.17|
277.46 86.02 -163.17|
280.29 86.02 -164.16|
283.12 86.01 -165.16|
285.95 86.01 -166.16|
288.78 86.00 -167.16|
291.61 86.00 -168.15|
294.44 86.00 -169.15|
297.27 86.00 -170.15|
300.10 86.00 -171.15|
302.92 86.00 -172.14|
305.75 86.01 -173.14|
308.58 86.01 -174.14|
311.41 86.01 -175.14|
314.24 86.01 -176.14|
317.07 86.02 -177.13|
319.90 86.03 -178.13|
322.73 86.04 -179.13|
325.56 86.04 -180.13|
328.39 86.05 -181.12|
331.22 86.06 -182.12|
334.05 86.06 -183.12|
336.88 86.04 -184.12|
339.71 86.01 -185.11|
342.53 86.00 -186.11|
345.36 86.00 -187.11|
348.19 86.00 -188.11|
351.02 85.99 -189.10|
353.85 85.98 -190.10|
356.68 85.98 -191.10|
359.51 85.97 -192.10|
362.34 85.97 -193.09|
365.17 85.96 -194.09|
368.00 85.96 -195.09|
370.83 85.95 -196.09|
373.66 85.95 -197.08|
376.49 85.95 -198.08|
379.32 85.95 -199.08|
382.14 85.95 -200.08|
384.97 85.95 -201.07|
387.80 85.95 -202.07|
390.63 85.95 -203.07|
393.46 85.95 -204.07|
396.29 85.95 -205.06|
399.12 85.95 -206.06|
401.95 85.95 -207.06|
404.78 85.94 -208.06|
407.61 85.94 -209.05|
410.44 85.94 -210.05|
413.27 85.94 -211.05|
416.10 85.94 -212.05|
418.93 85.94 -213.04|
421.75 85.94 -214.04|
424.58 85.94 -215.04|
427.41 85.94 -216.04|
430.24 85.94 -217.03|
433.07 85.94 -218.03|
435.90 85.94 -219.03|
438.73 85.94 -220.03|
441.56 85.94 -221.02|
444.39 85.94 -222.02|
447.22 85.95 -223.02|
450.05 85.95 -224.02|
452.88 85.95 -225.02|
455.71 85.95 -226.01|
458.54 85.95 -227.01|
461.37 85.95 -228.01|
464.19 85.95 -229.01|
467.02 85.95 -230.00|
469.85 85.95 -231.00|
472.68 85.95 -232.00|
475.51 85.95 -233.00|
478.34 85.95 -233.99|
481.17 85.95 -234.99|
484.00 85.95 -235.99|
486.83 85.95 -236.99|
489.66 85.95 -237.98|
492.49 85.95 -238.98|
495.32 85.95 -239.98|
498.15 85.95 -240.98|
500.98 85.95 -241.97|
503.80 85.96 -242.97|
506.63 85.96 -243.97|
509.46 85.97 -244.97|
512.29 85.98 -245.96|
515.12 85.99 -246.96|
517.95 86.01 -247.96|
520.78 86.03 -248.96|
523.61 86.04 -249.95|
527.51 86.04 -251.33|
529.63 86.06 -253.45|
531.75 86.07 -255.57|
533.87 86.20 -257.69|
536.00 86.39 -259.81|
538.12 86.62 -261.93|
540.24 86.86 -264.05|
542.37 87.09 -266.17|
544.49 87.32 -268.29|
546.61 87.56 -270.41|
548.73 87.79 -272.53|
550.86 88.02 -274.65|
552.98 88.24 -276.77|
555.10 88.45 -278.89|
557.23 88.69 -281.00|
559.35 88.97 -283.12|
561.47 89.25 -285.24|
563.59 89.52 -287.36|
565.72 89.78 -289.48|
567.84 90.03 -291.60|
569.96 90.27 -293.72|
572.08 90.51 -295.84|
574.21 90.73 -297.96|
576.33 90.93 -300.08|
578.45 91.10 -302.20|
580.58 91.25 -304.32|
582.70 91.37 -306.44|
584.82 91.48 -308.56|
586.94 91.58 -310.68|
589.07 91.67 -312.80|
591.19 91.79 -314.92|
593.31 91.92 -317.04|
595.44 92.06 -319.16|
597.56 92.19 -321.28|
599.68 92.32 -323.40|
601.80 92.43 -325.52|
603.93 92.52 -327.64|
606.05 92.59 -329.76|
608.17 92.67 -331.88|
610.30 92.72 -334.00|
612.42 92.76 -336.12|
614.54 92.76 -338.24|
616.66 92.75 -340.36|
618.79 92.73 -342.48|
620.91 92.70 -344.60|
623.03 92.71 -346.72|
625.16 92.74 -348.84|
627.28 92.78 -350.96|
629.40 92.81 -353.08|
631.52 92.84 -355.20|
633.65 92.88 -357.32|
635.77 92.93 -359.44|
637.89 92.97 -361.56|
640.02 93.00 -363.68|
642.14 93.02 -365.80|
644.26 93.02 -367.92|
646.38 92.99 -370.04|
648.51 92.96 -372.16|
650.63 92.93 -374.28|
652.75 92.88 -376.40|
654.88 92.83 -378.52|
657.00 92.78 -380.64|
659.12 92.72 -382.76|
661.24 92.67 -384.88|
663.37 92.64 -387.00|
665.90 92.61 -389.52|
668.90 92.10 -389.47|
671.90 91.61 -389.42|
674.90 91.14 -389.37|
677.90 90.69 -389.32|
680.90 90.27 -389.27|
683.90 89.89 -389.22|
686.90 89.55 -389.16|
689.90 89.27 -389.11|
692.90 89.02 -389.06|
695.90 88.78 -389.01|
698.90 88.56 -388.96|
701.89 88.35 -388.91|
704.89 88.15 -388.85|
707.89 87.97 -388.80|
710.89 87.81 -388.75|
713.89 87.67 -388.70|
716.89 87.54 -388.65|
719.89 87.43 -388.60|
722.89 87.32 -388.55|
725.89 87.23 -388.49|
728.89 87.15 -388.44|
732.38 87.06 -388.38|
732.38 86.95 -385.38|
732.38 86.83 -382.38|
732.39 86.72 -379.38|
732.39 86.61 -376.38|
732.39 86.51 -373.38|
732.40 86.41 -370.38|
732.40 86.32 -367.38|
732.40 86.22 -364.38|
732.40 86.13 -361.38|
732.41 86.03 -358.38|
732.41 85.93 -355.38|
732.41 85.84 -352.38|
732.41 85.74 -349.38|
732.42 85.65 -346.38|
732.42 85.56 -343.38|
732.42 85.46 -340.38|
732.43 85.37 -337.38|
732.43 85.28 -334.38|
732.43 85.19 -331.38|
732.43 85.11 -328.38|
732.44 85.02 -325.38|
732.44 84.94 -322.38|
732.44 84.86 -319.38|
732.45 84.78 -316.38|
732.45 84.71 -313.38|
732.45 84.64 -310.38|
732.45 84.57 -307.38|
732.46 84.50 -304.38|
732.46 84.43 -301.38|
732.46 84.37 -298.38|
732.46 84.31 -295.38|
732.47 84.25 -292.38|
732.47 84.20 -289.38|
732.47 84.14 -286.38|
732.48 84.08 -283.38|
732.48 84.01 -280.38|
732.48 83.94 -277.38|
732.48 83.88 -274.38|
732.49 83.81 -271.38|
732.49 83.75 -268.38|
732.49 83.69 -265.38|
732.49 83.64 -262.38|
732.50 83.60 -259.38|
732.50 83.56 -256.38|
732.50 83.52 -253.38|
732.51 83.48 -250.38|
732.51 83.44 -247.38|
732.51 83.39 -244.38|
732.51 83.34 -241.38|
732.52 83.30 -238.38|
732.52 83.25 -235.38|
732.52 83.21 -232.38|
732.52 83.16 -229.38|
732.53 83.11 -226.38|
732.53 83.07 -223.38|
732.53 83.03 -220.38|
732.54 82.99 -217.38|
732.54 82.94 -214.38|
732.54 82.90 -211.38|
732.54 82.86 -208.38|
732.55 82.82 -205.38|
732.55 82.78 -202.38|
732.55 82.74 -199.38|
732.56 82.70 -196.38|
732.56 82.66 -193.38|
732.56 82.62 -190.38|
732.56 82.59 -187.38|
732.57 82.55 -184.38|
732.57 82.51 -181.38|
732.57 82.47 -178.38|
732.57 82.44 -175.38|
732.58 82.41 -172.38|
732.58 82.38 -169.38|
732.58 82.35 -166.38|
732.59 82.32 -163.38|
732.59 82.29 -160.38|
732.59 82.26 -157.38|
732.59 82.23 -154.38|
732.60 82.20 -151.38|
732.60 82.17 -148.38|
732.60 82.13 -145.38|
732.60 82.10 -142.38|
732.61 82.06 -139.38|
732.61 82.02 -136.38|
732.61 81.98 -133.38|
732.62 81.93 -130.38|
732.62 81.87 -127.38|
732.62 81.81 -124.38|
732.62 81.76 -121.38|
732.63 81.71 -118.38|
732.63 81.66 -115.38|
732.63 81.63 -112.38|
732.63 81.60 -109.38|
732.64 81.58 -106.38|
732.64 81.56 -103.38|
732.64 81.55 -100.38|
732.65 81.54 -97.38|
732.65 81.54 -94.38|
732.65 81.55 -91.38|
732.65 81.57 -88.38|
732.66 81.60 -85.38|
732.66 81.64 -82.38|
732.66 81.76 -76.91|
730.44 81.71 -74.91|
728.21 81.66 -72.90|
725.98 81.59 -70.89|
723.75 81.54 -68.88|
721.52 81.55 -66.87|
719.29 81.58 -64.87|
717.06 81.63 -62.86|
714.83 81.68 -60.85|
712.60 81.73 -58.84|
710.37 81.76 -56.84|
708.15 81.79 -54.83|
705.92 81.81 -52.82|
703.69 81.82 -50.81|
701.46 81.84 -48.80|
699.23 81.85 -46.80|
697.00 81.86 -44.79|
694.77 81.87 -42.78|
692.54 81.89 -40.77|
690.31 81.90 -38.77|
688.08 81.92 -36.76|
685.85 81.94 -34.75|
683.63 81.97 -32.74|
681.40 81.99 -30.73|
679.17 82.00 -28.73|
676.94 82.01 -26.72|
674.71 82.01 -24.71|
672.48 81.99 -22.70|
670.25 81.97 -20.70|
668.02 81.96 -18.69|
665.79 81.96 -16.68|
663.56 81.99 -14.67|
661.33 82.04 -12.66|
659.11 82.11 -10.66|
654.98 82.24 -6.94|
652.31 82.29 -5.59|
649.63 82.35 -4.23|
646.96 82.41 -2.87|
644.28 82.47 -1.52|
641.61 82.54 -0.16|
638.93 82.61 1.20|
636.25 82.68 2.56|
633.58 82.73 3.91|
630.90 82.77 5.27|
626.35 82.84 7.58|
623.49 82.87 8.48|
620.62 82.91 9.38|
617.76 82.95 10.29|
614.90 82.99 11.19|
612.04 83.04 12.09|
609.18 83.08 12.99|
606.32 83.13 13.90|
603.46 83.18 14.80|
600.60 83.23 15.70|
597.74 83.29 16.60|
594.65 83.37 17.58|
591.65 83.45 17.57|
588.65 83.55 17.56|
585.65 83.67 17.55|
582.65 83.80 17.54|
579.65 83.93 17.53|
576.65 84.06 17.52|
573.65 84.18 17.51|
570.65 84.29 17.51|
567.65 84.38 17.50|
564.65 84.45 17.49|
561.65 84.50 17.48|
558.65 84.57 17.47|
555.65 84.62 17.46|
552.65 84.69 17.45|
549.65 84.77 17.45|
546.65 84.85 17.44|
543.65 84.91 17.43|
540.65 84.97 17.42|
537.65 85.01 17.41|
534.65 85.04 17.40|
531.65 85.07 17.39|
528.65 85.10 17.38|
525.65 85.14 17.38|
522.65 85.18 17.37|
519.65 85.23 17.36|
516.65 85.27 17.35|
513.65 85.30 17.34|
510.65 85.31 17.33|
507.65 85.33 17.32|
504.65 85.35 17.31|
501.65 85.38 17.31|
498.65 85.41 17.30|
495.65 85.45 17.29|
492.65 85.51 17.28|
489.65 85.61 17.27|
486.65 85.78 17.26|
483.65 85.92 17.25|
480.65 86.01 17.24|
477.65 86.07 17.24|
474.65 86.10 17.23|
471.65 86.11 17.22|
468.65 86.10 17.21|
465.65 86.08 17.20|
462.65 86.04 17.19|
459.65 86.00 17.18|
456.65 85.99 17.18|
453.65 85.96 17.17|
450.65 85.92 17.16|
447.65 85.86 17.15|
444.65 85.79 17.14|
441.65 85.74 17.13|
438.65 85.71 17.12|
435.65 85.68 17.11|
432.65 85.67 17.11|
429.65 85.65 17.10|
426.65 85.62 17.09|
423.65 85.61 17.08|
420.65 85.55 17.07|
417.65 85.55 17.06|
414.65 85.56 17.05|
411.65 85.58 17.04|
408.65 85.69 17.04|
405.65 85.78 17.03|
402.65 85.84 17.02|
399.65 85.87 17.01|
396.65 85.90 17.00|
393.65 85.92 16.99|
390.65 85.93 16.98|
387.65 85.94 16.97|
384.65 85.95 16.97|
381.65 85.95 16.96|
378.65 85.96 16.95|
375.65 85.96 16.94|
372.65 85.97 16.93|
369.65 85.96 16.92|
366.65 85.93 16.91|
363.65 85.89 16.91|
360.65 85.83 16.90|
357.65 85.78 16.89|
354.65 85.77 16.88|
351.65 85.74 16.87|
348.65 85.73 16.86|
345.65 85.72 16.85|
342.65 85.68 16.84|
339.65 85.70 16.84|
336.65 85.72 16.83|
333.65 85.74 16.82|
330.65 85.74 16.81|
327.65 85.74 16.80|
324.65 85.74 16.79|
321.65 85.75 16.78|
318.65 85.75 16.77|
315.65 85.76 16.77|
312.65 85.77 16.76|
309.65 85.77 16.75|
306.65 85.77 16.74|
303.65 85.77 16.73|
300.65 85.77 16.72|
297.65 85.78 16.71|
294.65 85.79 16.71|
291.65 85.80 16.70|
288.65 85.81 16.69|
285.65 85.81 16.68|
282.65 85.80 16.67|
279.65 85.79 16.66|
276.65 85.76 16.65|
273.65 85.73 16.64|
270.65 85.70 16.64|
267.65 85.66 16.63|
264.65 85.63 16.62|
261.65 85.60 16.61|
258.65 85.61 16.60|
255.65 85.62 16.59|
252.65 85.63 16.58|
249.65 85.65 16.57|
246.65 85.68 16.57|
243.65 85.73 16.56|
240.65 85.79 16.55|
237.65 85.85 16.54|
234.65 85.90 16.53|
231.65 85.94 16.52|
228.65 85.96 16.51|
225.65 85.96 16.50|
222.65 85.98 16.50|
219.65 85.99 16.49|
216.65 86.08 16.48|
213.65 86.18 16.47|
210.65 86.20 16.46|
207.65 86.14 16.45|
204.65 86.04 16.44|
201.10 86.03 16.43|
201.09 85.99 13.43|
201.08 85.99 10.43|
201.08 85.99 7.43|
201.07 85.99 4.43|
201.07 85.99 1.43|
201.06 85.99 -1.57|
201.06 85.99 -4.57|
201.05 85.99 -7.57|
201.05 85.99 -10.57|
201.04 85.99 -13.57|
201.03 85.99 -16.57|
201.03 85.99 -19.57|
201.02 85.99 -22.57|
201.02 85.99 -25.57|
201.01 85.99 -28.57|
201.01 85.99 -31.57|
201.00 85.99 -34.57|
201.00 85.99 -37.57|
200.99 85.99 -40.57|
200.98 85.98 -43.57|
200.98 85.97 -46.57|
200.97 85.95 -49.57|
200.97 85.95 -52.57|
200.96 85.95 -55.57|
200.96 85.96 -58.57|
200.95 85.97 -61.57|
200.95 85.99 -64.57|
200.94 86.00 -67.57|
200.93 86.00 -70.57|
200.93 86.00 -73.57|
200.92 86.00 -76.57|
200.92 86.00 -79.57|
200.91 86.00 -82.57|
200.91 86.00 -85.57|
200.90 86.00 -88.57|
200.89 86.00 -91.57|
200.89 86.00 -94.57|
200.88 86.00 -97.57|
200.88 86.00 -100.57|
200.87 86.00 -103.57|
200.87 86.00 -106.57|
200.86 86.00 -109.57|
200.86 86.00 -112.57|
200.85 86.00 -115.57|
200.84 86.00 -118.57|
200.84 85.99 -121.57|
200.83 85.99 -124.57|
200.83 85.99 -127.57|
200.82 85.99 -130.57|
200.82 85.97 -133.57|
200.81 86.06 -137.22|
</vertices>
</customField>
