<?xml version="1.0" encoding="utf-8" standalone="no"?>
<customField name="CP-2">
    <vertices>
314.62 85.14 175.87|
316.67 85.34 178.06|
318.71 85.51 180.26|
320.76 85.67 182.45|
322.80 85.78 184.65|
324.85 85.85 186.84|
326.89 85.92 189.04|
328.93 85.98 191.23|
330.98 86.05 193.43|
333.02 86.13 195.63|
335.07 86.21 197.82|
337.11 86.31 200.02|
339.16 86.35 202.21|
341.20 86.37 204.41|
343.24 86.39 206.60|
345.34 86.37 208.86|
344.36 86.33 211.70|
343.38 86.29 214.53|
342.40 86.23 217.37|
341.42 86.27 220.20|
340.44 86.26 223.04|
339.46 86.24 225.87|
338.48 86.14 228.71|
337.50 86.13 231.54|
336.52 86.19 234.38|
335.54 86.20 237.21|
334.56 86.22 240.05|
333.58 86.23 242.88|
332.60 86.10 245.72|
331.62 85.90 248.55|
330.64 85.76 251.39|
329.66 85.71 254.22|
328.68 85.69 257.06|
327.70 85.69 259.89|
326.72 85.70 262.73|
325.73 85.70 265.57|
324.75 85.66 268.40|
323.77 85.56 271.24|
322.79 85.43 274.07|
321.74 85.27 277.13|
321.64 85.14 280.13|
321.54 85.01 283.12|
321.44 84.92 286.12|
321.34 84.92 289.12|
321.24 84.97 292.12|
321.14 84.98 295.12|
321.04 84.89 298.12|
320.95 84.83 301.11|
320.85 84.73 304.11|
320.75 84.65 307.11|
320.65 84.56 310.11|
320.55 84.49 313.11|
320.45 84.43 316.11|
320.35 84.38 319.10|
320.25 84.36 322.10|
320.15 84.33 325.10|
320.03 84.29 328.90|
317.03 84.30 328.91|
314.03 84.31 328.92|
311.03 84.33 328.93|
308.03 84.36 328.94|
305.03 84.38 328.95|
302.03 84.40 328.96|
299.03 84.41 328.97|
296.03 84.43 328.98|
293.03 84.45 328.99|
290.03 84.48 329.00|
287.03 84.50 329.01|
284.03 84.52 329.02|
281.03 84.55 329.03|
278.03 84.57 329.05|
275.03 84.58 329.06|
272.03 84.60 329.07|
269.03 84.61 329.08|
266.03 84.63 329.09|
263.03 84.64 329.10|
260.03 84.65 329.11|
257.03 84.66 329.12|
254.03 84.66 329.13|
251.03 84.67 329.14|
248.03 84.68 329.15|
245.03 84.68 329.16|
240.10 84.67 329.18|
240.10 84.66 326.18|
240.10 84.66 323.18|
240.10 84.67 320.18|
240.10 84.69 317.18|
240.10 84.72 314.18|
240.10 84.75 311.18|
240.10 84.79 308.18|
240.10 84.84 305.18|
240.10 84.89 302.18|
240.10 84.94 299.18|
240.10 84.99 296.18|
240.10 85.03 293.18|
240.10 85.09 290.18|
240.10 85.15 287.18|
240.10 85.21 284.18|
240.10 85.28 281.18|
240.10 85.35 278.18|
240.10 85.42 275.18|
240.10 85.50 272.18|
240.10 85.59 269.18|
240.10 85.69 266.18|
240.10 85.79 263.18|
240.10 85.90 260.18|
240.10 85.99 257.18|
240.10 86.05 254.18|
240.10 86.09 251.18|
240.10 86.10 247.55|
242.27 86.06 245.47|
244.44 86.04 243.40|
246.61 86.03 241.33|
248.78 86.05 239.26|
250.95 86.10 237.19|
253.12 86.11 235.11|
255.29 86.06 233.04|
257.46 86.04 230.97|
259.63 86.03 228.90|
261.80 86.00 226.83|
263.97 85.97 224.76|
266.14 85.93 222.68|
268.31 85.90 220.61|
270.48 85.87 218.54|
272.65 85.86 216.47|
274.82 85.83 214.40|
276.99 85.81 212.32|
279.16 85.79 210.25|
281.32 85.77 208.18|
283.49 85.75 206.11|
285.66 85.73 204.04|
287.83 85.70 201.97|
290.00 85.67 199.89|
292.17 85.64 197.82|
294.34 85.61 195.75|
296.51 85.57 193.68|
298.68 85.54 191.61|
300.85 85.51 189.53|
303.02 85.49 187.46|
305.19 85.47 185.39|
307.36 85.46 183.32|
309.53 85.39 181.25|
311.70 85.27 179.18|
315.76 85.15 175.30|
</vertices>
</customField>
